294.6100658770629 198.05719967362944 290.18588435156926 185.9673392667001 329.87910143385307 171.4427301157324 334.3033207006847 183.53250814429452 Other-carton 0
292.15789499998937 241.28000000000594 294.27045039950826 240.50794794629707 295.35087700002987 243.46399999999332 293.23832186455184 244.23605153525781 Cigarette 0
303.3333320534075 248.55999957056875 305.1594943086966 249.38847511987709 303.7910738869359 252.4044749450567 301.96491199997035 251.57599999999428 Cigarette 0
309.49122800002806 283.08799999999377 311.4407268204559 281.1881786541388 317.0305371504437 286.9233379382208 315.081042105332 288.8231554674646 Cigarette 0
350.88178220567715 380.40434374805955 350.7567088246651 382.44880686192244 330.8047388358864 381.2284494239672 330.9298250000138 379.18399999998746 Cigarette 0
322.96555520051334 359.9664352793676 326.5964910000439 360.77600000000496 325.20988226407644 366.99356307099555 321.57894699995813 366.18399999999565 Cigarette 0
332.0701870068697 370.7599956923441 327.66166248893205 372.3416263938769 325.22806999997556 365.5600000000028 329.6365757940439 363.9783729882114 Cigarette 0
334.5789543774481 370.136 328.4210382988349 370.136 328.4210529999946 364.52 334.5789467162904 364.52 Cigarette 0
330.08190557795024 371.2842865098392 332.05972352684694 373.9527363910344 325.6093891449382 378.73244281016866 323.63157899997896 376.0639999999814 Cigarette 0
344.38596278851037 344.9679604050491 344.47211574707035 346.5104539759822 333.29667343085384 347.13448830041506 333.21052600007897 345.59199999999373 Cigarette 0
337.0877248161596 320.3199936237756 335.0680999573233 322.53410276010237 330.111186298931 318.0134049207869 332.1308078623879 315.79929996392934 Cigarette 0
335.8723470435398 323.6066753855974 336.6634328603759 325.99160692423493 328.071780525559 328.8409253423567 327.2807020000437 326.45599999999223 Cigarette 0
325.22807463565914 276.3279913411902 324.1612164866965 278.32072856004584 315.98860255247564 273.9459042288012 317.055461123251 271.95317147797397 Cigarette 0
267.0701749999862 59.800000000014194 266.95959555632 58.22375713935148 272.88942022139963 57.80775922984303 273.00000011255906 59.38400160473671 Unlabeled-litter 0
339.9116403900989 281.1853252200338 337.8086512185073 286.9493735606842 319.39378969284735 280.23165932862076 321.49679150136944 274.4676386773295 Unlabeled-litter 0