391.48562876369397 72.61224423569867 391.3792478017858 66.93843722511521 404.9012089345015 66.68490776742965 405.00759451364866 72.35870998765728 Other-plastic-wrapper 0
375.07894195341214 76.66369425964245 377.22961996624144 69.13644223938189 400.99260437509656 75.92589894646545 398.8419410169845 83.45313838041082 Other-plastic-wrapper 0
347.7760000000053 88.29599999999593 353.9059087946116 80.8122204473421 365.48661860044376 90.29776509995409 359.35671914620616 97.78153589086371 Other-plastic-wrapper 0
324.3715712491794 105.02948476350107 332.00250372905793 86.71568255618027 360.2560356664144 98.48806283759158 352.62516257132665 116.80181462516694 Plastic-film 0
273.9696088022065 171.2592215813779 268.4591099585705 159.81712909367235 284.1641664634226 152.25394468610992 289.6746710348016 163.6960083778506 Other-plastic-wrapper 0
257.49148926498674 206.24860542116954 252.99227277441605 181.39655249040803 279.8437066726001 176.5356734515535 284.34301148954546 201.3876119771133 Other-plastic-wrapper 0
230.867254478806 194.6656086329832 224.8300013357366 178.3824530567596 269.2289138195847 161.9216694615926 275.2662190457668 178.20470208630545 Other-plastic-wrapper 0
262.80729978467934 190.23662097461795 260.70081756097716 181.72455429524572 290.2028479653636 174.4240746546585 292.30935756797044 182.93609927469774 Other-plastic-wrapper 0
176.522667000012 189.27999999999108 196.99231171295833 173.849207724401 216.71341658050005 200.00849174547 196.24384501652094 215.43919809465805 Other-plastic-wrapper 0
201.38674970784632 156.60718735096566 204.9404415300378 170.70544129142058 170.90143725214512 179.28496710895888 167.34783054276704 165.1867866829651 Other-plastic-wrapper 0
170.81646820935566 163.68246316121 166.2693598676742 139.6337472376513 194.1135079609594 134.36918089587036 198.6606843890986 158.41780951796375 Plastic-film 0
146.10672926903135 133.25829801042028 175.95295446402815 174.64290994960976 136.83243983701686 202.85457353010398 106.98654431247996 161.4702580903608 Plastic-film 0
118.18809333128956 237.46564510958063 128.5746841667351 264.2511872798027 75.59523843347051 284.79195769167785 65.2090587652674 258.00676315026647 Plastic-film 0
82.45475146351964 244.4792799573459 78.5548815962793 225.30617754163075 112.00456312254755 218.50301889918538 115.90453100967352 237.675986360901 Plastic-film 0
125.86939578585952 258.7780213758826 147.78081988160193 267.47921510542454 134.5963672190337 300.67585482012174 112.68498398800148 291.9747374461134 Plastic-film 0
248.83256130321752 273.62612007341426 247.0778155346743 311.2136090771616 190.33641314940542 308.56441897227654 192.09167700646503 270.97747775599396 Plastic-film 0
175.97749053824737 229.5826764391448 204.89959282737254 190.84301060625103 277.411451244061 244.97374667761437 248.49016413019126 283.71267356868975 Plastic-film 0
241.0719357359376 192.6426531037455 250.9595331995406 212.41628266866087 231.3796454320618 222.20616014211015 221.49213959342887 202.4326086246515 Plastic-film 0
251.2640000000174 233.06399999998024 248.79605622102827 213.1277997984162 272.91383863242663 210.14246440521288 275.3818634024865 230.07856924057333 Plastic-film 0
221.29128030954234 181.3353743490453 228.522667000012 188.9680000000008 217.1726992398835 199.7206056523872 209.94133300002431 192.08800000001668 Unlabeled-litter 0
194.09395511005278 287.7747383960014 176.2649784776695 312.2714147123694 138.8535925316355 285.0466806090083 156.68246608975824 260.5502946623341 Crisp-packet 0
143.37851223446341 279.6557411880059 145.22630869514614 259.52091994145246 190.57285536442214 263.6818061266433 188.72529570474217 283.81640644053545 Crisp-packet 0
200.18860465508988 339.11896797097944 198.36219255173637 314.99864705287627 248.58772475653313 311.19609067128056 250.41445515682062 335.3160607955632 Other-plastic-wrapper 0
166.8442733252341 241.8149368898681 196.76800000002913 242.42400000000023 196.2020397563283 270.22692324732566 166.2783131912547 269.6178639554228 Other-plastic-wrapper 0
194.68042675769902 268.73966912031284 182.1288450691609 242.8783936635848 205.70973162820883 231.43489578668039 218.26134246169386 257.2960194945597 Other-plastic-wrapper 0
124.81485098427947 259.98299009945185 123.08431458660925 237.29289436398832 171.85858056755023 233.57319845428958 173.58933792329844 256.26305399851105 Other-plastic-wrapper 0
71.34473788838659 275.6662114190514 89.35920825167705 283.71085198391836 78.47310363446013 308.0845851661675 60.45866700001352 300.040000000001 Other-plastic-wrapper 0
88.58578620697153 322.96643952889974 93.17951319760323 312.86553582125805 119.60688310029582 324.8820287855027 115.01325435925537 334.98284903857467 Plastic-film 0
114.9521066419984 319.5569416557647 134.9714683552629 326.35460626957587 126.37666845258718 351.6616108814068 106.35733300001448 344.86400000000054 Other-plastic-wrapper 0
145.73866699998325 313.8720000000035 180.5110830302474 270.8285224930297 215.59383257765876 299.1656613281608 180.8219847535438 342.2086118997552 Other-plastic-wrapper 0
67.08383247160236 203.07607399174822 79.79971955272777 196.62233465881548 94.70112665138731 225.98049842363747 81.98526640647106 232.43419758730965 Other-plastic-bottle 0
129.63461610595186 197.50143738733382 128.25127281380992 208.15321130846635 93.5087038772399 203.64137441180614 94.89210312083742 192.9896658823756 Other-plastic-wrapper 0
96.13963576743845 141.61498683477438 94.73525994392912 133.85762262029183 114.65961217277436 130.25066873010277 116.06400252955063 138.00801397253224 Other-plastic-wrapper 0
64.20266699997228 380.43200000000235 76.77022607250547 375.22015667099544 80.65287114309467 384.5801789562581 68.085322176521 389.79200448853953 Other-plastic-wrapper 0
206.75199999998222 268.73600000001215 205.67055891809287 250.31179455567332 224.20280453427404 249.22413726029927 225.28431866581377 267.64826474766375 Other-plastic-wrapper 0
155.12323141370507 215.6764778041093 158.0438784857579 218.93024131285063 148.52063860842463 227.47775539000406 145.59999999996217 224.22399999998376 Other-plastic-wrapper 0
130.62400000003254 228.59199999999987 141.66077378812042 228.45943878701038 141.799440452829 240.0034391064484 130.76266667136224 240.13600000394723 Other-plastic-wrapper 0
117.45066699999006 241.48800000000085 125.51779644419366 237.9029994152407 131.04439111474858 250.33789095316646 122.97726803665864 253.92288095753673 Other-plastic-wrapper 0