125.2029909986486 249.5845439795288 125.31078916908154 230.46316478512836 159.22938666057962 230.65432646186284 159.12172645804822 249.77556768777947 Single-use-carrier-bag 0
218.9804001681514 268.7191987757633 217.78397717529515 241.15641882036203 328.76633505706195 236.3386597897782 329.96341033220233 263.9007423520302 Plastic-film 0
304.26593501134266 278.33384425507484 304.17256871810605 270.55136014775405 323.9943160056755 270.3135665091604 324.0877191585532 278.0960132116716 Unlabeled-litter 0
225.58673994431956 402.31986174073984 223.29360957453537 384.46980186437827 313.37868245993377 372.8990843929798 315.67228074995 390.7485822960845 Unlabeled-litter 0
406.2449883804002 356.5432333773241 403.7374861186545 363.52118078348167 377.1780636122021 353.9791563476311 379.6855940110654 347.00127090066815 Plastic-film 0
177.96559746751154 320.2920851232799 179.3505974163054 330.61650632161593 158.73536083682848 333.3813750625738 157.35042925489688 323.0570154789319 Unlabeled-litter 0
416.77628972863386 258.73281826812126 414.3934181687546 281.7253696753928 360.6961379159984 276.1605665409739 363.07926647011845 253.16830527611617 Unlabeled-litter 0
414.8596905005288 370.96800061479024 405.50466048730596 370.8294149213981 405.7327812203948 355.43741499076566 415.08771899997737 355.5759999999998 Unlabeled-litter 0
390.490237139893 236.17163145044347 389.78564938539057 246.82607224043866 315.1810524396715 241.89230737571188 315.8857953331026 231.23803657237838 Unlabeled-litter 0
326.40221127245604 192.84002935839877 326.82327029790395 200.22605732620838 306.6644444279409 201.37513343581108 306.2434126287808 193.98913132788192 Plastic-film 0
377.1647442032008 220.69350551040665 377.6506007641801 212.8811578571466 398.8163593061363 214.19734570449302 398.3305362789615 222.00966147939147 Unlabeled-litter 0