9.299838997365441 268.41538989374016 6.949389778430486 269.64156153522566 2.996332522820012 262.06487918391554 5.346774000008736 260.8387099999897 Cigarette 0
11.169884656374052 245.07950626507173 15.935483999994176 244.48387100000187 16.207527118986036 246.66022141635534 11.44192782805112 247.2558563986792 Cigarette 0
36.16935499996907 233.99999999999156 33.7274676081106 232.22979168029892 39.94354799997018 223.65591399998993 42.38542818658243 225.42611854532532 Cigarette 0
21.701611558979494 149.84945540757977 22.37138649600456 152.913530893445 14.63425181801722 154.60471282715963 13.964480617149093 151.54064059341923 Cigarette 0
49.701641189745715 207.2307970010515 47.159749489808746 207.47243880524914 46.10327931884967 196.35992132449363 48.64516099998946 196.11827999999915 Cigarette 0
56.08870909038524 14.397848729963375 59.378564362639736 15.374523574182984 55.30188272349187 29.106506568415423 52.01202756214116 28.129831991998532 Cigarette 0
63.18216542329901 104.16144835882172 63.00806500000181 100.50537599998187 66.41342428711869 100.34321747184781 66.58752577584892 103.9992887067278 Cigarette 0
270.16934168588705 271.8817133888254 273.2196677003558 273.3963626107374 267.86290299998655 284.18279599999664 264.8125799071822 282.66815124194835 Cigarette 0
213.61742809942734 207.7990481172292 262.12289198499275 216.01278199080267 236.31430007768722 368.4037893109114 187.8089196779365 360.1903674891662 Rope---strings 0
267.4680044123561 256.8595384531341 258.87396891786557 253.6371384881183 262.30351838491333 244.49170771447723 270.8975204370181 247.71410072999558 Plastic-bottle-cap 0
225.63119128532344 195.59819302450336 224.50185562115803 199.59094408746273 218.9271139258708 198.0142520424475 220.05645199998253 194.02150500002244 Other-plastic 0
264.00572521884897 173.27296665152002 268.263963461206 176.74415939000554 262.15864916961436 184.23334555046785 257.9004157023628 180.76215807511323 Other-plastic 0
252.4516123721005 341.63440896994723 254.45679822704915 341.7303816613994 254.1062979228227 349.05195848737793 252.10111208319722 348.9559860097929 Unlabeled-litter 0
250.77418101548756 298.4408307898203 252.10593412897651 301.4367674959214 241.86290299998655 305.98924700000396 240.53116040443274 302.9933192228627 Unlabeled-litter 0
163.32660892646527 297.30362601418915 157.70313617312058 298.0703479938355 156.56203552847728 289.70220429755017 162.18548399999418 288.9354839999974 Unlabeled-litter 0
94.04030968483494 299.41934892821143 96.5114467141575 300.54620086191494 91.73387100002219 311.0215050000053 89.26273610388307 309.89465655085064 Cigarette 0