296.3222942025059 250.23370063013925 240.55133375368678 338.93393997495525 84.59132287470129 240.8793182387583 140.36186669210292 152.18255968960398 Corrugated-carton 0
243.81209964685695 329.1027133143173 225.13957049790406 321.233494284749 236.00173002810698 295.46399670806386 254.67400804506542 303.3331556226727 Drink-can 0
249.87937841511302 314.87511997933643 252.60270599483192 295.1892446544423 297.78473986148674 301.43848733874376 295.0616821976 321.124120349136 Drink-can 0
290.3528905477324 280.52150374805683 295.69674200616646 296.6913134842346 251.51166380986615 311.2912108123942 246.1680436535462 295.12159828080905 Drink-can 0
254.75478314728753 294.6220912012055 248.6997151419746 280.1087406909347 286.62271899459665 264.28910397832027 292.67783837233947 278.80230814432804 Drink-can 0
323.2858763864933 296.7698621849788 321.6151533637276 332.16525500748537 295.25728880747556 330.9211186302278 296.9282569154966 295.52598415023743 Drink-can 0
363.31915808343547 317.6212901464406 360.6089907710375 336.5085701196982 320.70764309300284 330.7838836849775 323.4179889999832 311.8968250000044 Drink-can 0
322.1319569755142 299.370045381374 327.977357355252 280.2140709994956 375.2021990298599 294.6223448176676 369.3570896408419 313.7780701744861 Drink-can 0
329.6847149413443 259.85057530802726 341.79699573174 242.1255343610097 381.50711121629865 269.25793093096485 369.395053969718 286.98277330834605 Drink-can 0
311.4015533750171 302.6768283305956 292.24902780395496 288.45278192839396 316.48940550040425 255.81814595475 335.6416730463643 270.04205154442116 Drink-can 0
299.5616901856811 280.7423913777656 278.2327424430514 267.10898764281563 299.3646165538412 234.05317701593103 320.6932819993781 247.68646042845248 Drink-can 0
283.8556391538659 213.6777557261016 270.7826958498081 232.04435014189232 231.57112524739205 204.13637638233445 244.6440195079049 185.76994336047682 Drink-can 0
310.7345173475878 209.8750067289126 307.2013244016598 189.63280662783566 356.98524889527835 180.94364747425053 360.5185798302009 201.18567414295154 Drink-can 0
195.3644981798243 140.0718194148878 201.51674908898713 160.34757678351448 150.35782252579156 175.86973092508407 144.20574826899974 155.59412425185906 Drink-can 0
174.62269632422976 140.87456088074163 150.1869565947527 159.93733877254465 120.64290096006152 122.06710068040957 145.0784661525213 103.00442634487956 Drink-can 0
173.08328449460532 47.950303498421775 176.56754725641076 23.370990642002486 235.61711468529757 31.741564188789706 232.1329088946477 56.32082616799654 Drink-can 0
140.45502901389045 117.61904593647658 135.57710979328112 120.95880346859337 131.10052900001392 114.42063499999803 135.9784425355865 111.08088017379384 Pop-tab 0
242.2841605958929 196.26564553836093 243.60108000190667 197.5011864696544 239.9828933304525 201.3574146432295 238.66597503664525 200.12187485482409 Pop-tab 0
325.206349000051 290.4365079999929 327.80966276090476 287.4801042304961 330.97367860315353 290.265823478721 328.37036818388515 293.22222406244134 Pop-tab 0
197.54497399999673 148.15873000000812 199.30690206103463 146.98415860178523 201.78309037983854 150.69844604105666 200.0211628752586 151.8730167497807 Pop-tab 0