325.28953480287964 133.89292259881108 350.1403136005756 87.17733196671043 396.32797284523986 111.74673746825626 371.477504113147 158.46206026252761 Plastic-film 0
237.96405688883897 199.46386712914307 240.40868286746627 168.29867901670235 276.4457822188524 171.12527461151842 274.0013526186667 202.2902799796406 Plastic-film 0
205.60124994238504 181.11601723700463 181.65026938085066 188.99877657050544 172.12753111608254 160.06608886690898 196.07831212434758 152.1833648296768 Plastic-film 0
122.24338755164354 290.1130163328915 104.88257718446403 295.9104884581841 96.25729960161698 270.0849421732866 113.6178972658854 264.28750838885276 Plastic-film 0
79.5159583009081 283.27914718285103 101.0804078512665 290.4484198139248 89.7570276992119 324.5025379166345 68.1926105569255 317.3333340086803 Plastic-film 0
399.31129455108385 415.8401922275492 342.4639543408557 413.92454473704964 343.38510570762446 386.6135945420125 400.231339244463 388.5292232533145 Plastic-film 0
163.17228703759974 112.74429247665476 148.78665323863606 126.13751918697297 140.7657888250833 117.52251107741836 155.15140365495972 104.12930044306482 Plastic-film 0
117.02541032666704 225.5812336133412 127.32590171663833 236.4691639910043 108.4017621411258 254.37039608487441 98.10133151758419 243.48252536192146 Plastic-film 0
162.23910853953566 16.89163396901736 172.39921074137237 15.41678206214013 174.23001265353014 28.028977540166668 164.06991052447847 29.50382907254009 Plastic-lid 0
149.099999957205 8.933332685416042 149.73610422530692 13.608693257347873 143.66793148974102 14.434295459188602 143.03182755193848 9.758935187544898 Other-plastic 0
92.33897254096883 137.7582189790968 81.70229603928237 125.1624997745544 99.52717560297606 110.11038260966521 110.1638318367477 122.70606985910472 Plastic-film 0
145.4157251501165 341.06046911716675 135.7035317350783 339.9680566311206 138.56601316327578 314.5245847398625 148.27806394696745 315.61698910864703 Plastic-film 0