198.05739219959287 121.39007788647048 185.9674214679253 125.81403708975058 171.4425875262168 86.12066383955947 183.53247599707174 81.69672096845203 Other-carton 0
241.28000000001703 123.84210499999699 240.50786000433072 121.72958175176605 243.46399999998903 120.64912299998946 244.23614031679972 122.76164553384451 Cigarette 0
248.55999999998676 112.6666670000048 249.38856720639887 110.84054746888481 252.4045661422424 112.20896985796452 251.57599964235123 114.03508878823459 Cigarette 0
283.08800000002157 106.50877200001277 281.1880224941742 104.55943069185119 286.9233342539301 98.9694611800145 288.82331043612066 100.91880107790837 Cigarette 0
380.4044730790047 65.1182374690217 382.448920730596 65.24329650166338 381.2284476366185 85.19523386717138 379.183999999972 85.07017499999893 Cigarette 0
359.9662415379498 93.03439858716855 360.7760000000053 89.40350899998766 366.99375576056264 90.79016773845603 366.1839994535876 94.421055450176 Cigarette 0
370.75999888713704 83.92982189882922 372.34197824174043 88.33820582225874 365.55999999998676 90.77192999998596 363.9780235219296 86.3635485153691 Cigarette 0
370.1359986829848 81.42105014679727 370.13600225862683 87.57894657873085 364.52000000001135 87.57894700001785 364.51999898641225 81.42105311047769 Cigarette 0
371.28416433017264 85.91789968650036 373.9528592479073 83.9404251906945 378.73269225689364 90.3909489199898 376.06399840109225 92.36842218476589 Cigarette 0
344.96800000000076 71.61403500000104 346.5104564148787 71.52791019957412 347.1344559471763 82.70334929034253 345.5919995381155 82.78947402579033 Cigarette 0
320.31999903590986 78.91228012075688 322.5342950708837 80.93169352672928 318.0134375419693 85.88877456111169 315.7991424521606 83.86936213767217 Cigarette 0
323.606663026716 80.1275457032093 325.9916350882777 79.33661245495686 328.84097045647286 87.92836573057382 326.4559986446693 88.7192984494661 Cigarette 0
276.32799874469856 90.7719293280532 278.3208090980006 91.83867229698964 273.94591916855643 100.0113881441762 271.9531093895421 98.94464600562165 Cigarette 0
59.8000014370009 148.92982489919228 58.22375714062218 149.040400384134 57.807758104099776 143.11057540041097 59.38399999999092 143.00000000000142 Unlabeled-litter 0
281.1853518434691 76.0883813139023 286.94947960481295 78.1911067677154 280.23170553156524 96.60606832211852 274.4675793302995 94.50334601210027 Unlabeled-litter 0