165.76147654565284 296.3188937717333 77.05768854898633 240.5499229861176 175.120546174865 84.59165672272208 263.8201195309739 140.35885194708462 Corrugated-carton 0
86.89623123977071 243.81158213530188 94.76738492988443 225.13992794387127 120.536977489126 236.00218227440655 112.66595394538308 254.67372602318142 Drink-can 0
101.12472632026765 249.8799914569786 120.81024654341672 252.60208908858476 114.56172161826908 297.7840494324818 94.87620761537983 295.06198179379857 Drink-can 0
135.47856332632 290.35370397676076 119.30838417757695 295.6959854055754 104.70870442402884 251.5106494835525 120.87854333055657 246.16842978968924 Drink-can 0
121.37784657400334 254.75463973475294 135.8916481092092 248.7008879598163 151.71119233809804 286.62336069298306 137.19742511803634 292.677052853146 Drink-can 0
119.2301225620613 323.2858365769539 83.8346765852184 321.6153525287951 85.07908191711977 295.25772946879783 120.47402045173658 296.9282015258219 Drink-can 0
98.37843532450279 363.31883393320794 79.49122293292021 360.60947909495513 85.21642417139446 320.7086682557046 104.10317499996745 323.41798899999736 Drink-can 0
116.62959138272709 322.13250632759997 135.78622713234654 327.9756521413254 121.37839178376817 375.20158558396315 102.22179434816644 369.35852797928266 Drink-can 0
156.14856926045468 329.685511319432 173.87569554251604 341.7947910628212 146.74339153034452 381.5056941383167 129.01641516357267 369.3965964843355 Drink-can 0
113.3209579778304 311.39981380243995 127.54809028402815 292.24943025626646 160.18359145461727 316.4907818952073 145.95669611859194 335.640950297587 Drink-can 0
135.25645008222637 299.5608297383636 148.8927660628142 278.2336325441861 181.94921393540426 299.3662286720742 168.3131488139261 320.69320518910894 Drink-can 0
202.32236207590176 283.8549892228457 183.95478066255964 270.78363872396386 211.8635206923136 231.57177248924398 230.2308235055134 244.6429818860827 Drink-can 0
206.12487400843384 310.7338874066553 226.36718875416773 307.2014060901522 235.05667130785878 356.9856692495151 214.81437004159307 360.51809792965435 Drink-can 0
275.928299389303 195.36490004256908 255.6523339362866 201.51650099980733 240.13029625336276 150.3574844802502 260.4059529525148 144.20593369148534 Drink-can 0
275.1257860217884 174.62237271599778 256.0621989726278 150.18728213977553 293.9324987534892 120.64312089400991 312.9960153468237 145.07805972994834 Drink-can 0
368.0496013771226 173.08341898682593 392.62898359163955 176.5673486473383 384.2585853758392 235.61702099590653 359.67921106429276 232.13312873319546 Drink-can 0
298.3809521534313 140.4550262241099 295.04106968019187 135.57719399950597 301.5793649999687 131.10052899998405 304.9192463261934 135.97835659506333 Pop-tab 0
219.73444690793622 242.28424509484677 218.49879299934764 243.60105959586014 214.64253186598216 239.98284436046688 215.87818451442945 238.6660313390494 Pop-tab 0
125.56348904389961 325.2063463978469 128.52033391416626 327.80915973808726 125.73461988070994 330.97318017227434 122.77777799992691 328.37037000000254 Pop-tab 0
267.8412681910304 197.54497128675519 269.0159304654626 199.30683920160627 265.3016447138689 201.7830305327227 264.1269839999877 200.02116399998516 Pop-tab 0