76.8253010000044 278.1686750000018 62.584386042395636 273.6555847720274 83.1354256209197 208.81511640523033 97.37596274035604 213.32814291491167 Cigarette 0
189.79690872092397 186.6754693873889 225.5454839006161 184.9161133874364 228.7654899336594 250.33871367928785 193.01691647011467 252.09804746275887 Metal-bottle-cap 0
153.0584507525091 359.2746741097343 167.58032175680273 357.68551602130253 170.75678506751137 386.70537070988934 156.23491655654288 388.2945135654409 Unlabeled-litter 0
131.02815655566155 17.11384074691961 129.10976867393038 17.13729921143843 129.00245992028795 8.361781612159643 130.92084741832514 8.338323150012508 Other-plastic 0
170.8012061078516 37.45113668437004 166.1366466101208 42.990290362085865 161.67279017805777 39.23125459764216 166.33734900000854 33.6921019999842 Other-plastic 0
188.18674724961602 40.37483310470569 182.84451626926966 38.13381701110307 186.47610707799322 29.476697246456823 191.8183354279572 31.717712720639216 Other-plastic 0
227.60944564486635 17.703026302460316 224.82552997964012 17.918524366866038 223.4761602787803 0.48666574300272597 226.2600752064136 0.2711677062559882 Other-plastic 0
248.17469894986425 0.6961179759311453 252.3981906517438 2.724166588098463 248.00839168769744 11.86609643313393 243.78490006442007 9.83804793795165 Other-plastic 0
241.37807742120276 37.93411283972948 236.9206026814536 36.9311823066437 239.50135578609843 25.46118240971927 243.95882770515527 26.46411261302714 Other-plastic 0
293.24006735513467 48.87823172485706 288.83340058567774 47.985154730697765 293.4474624330178 25.218293736941824 297.85412259818986 26.111370032808647 Other-plastic 0
389.28431996126164 62.85121729991894 387.1398709281748 61.71198538373752 390.2049502869668 55.94242853813595 392.34939811936056 57.081660063422824 Other-plastic 0
370.3833019472804 178.39773514379237 378.6976943461086 180.3462978507479 375.00362810476145 196.10767744591894 366.689237457078 194.1591199491299 Other-plastic 0
320.37951800000155 220.39089700001674 319.8838360297086 219.20600457381727 323.87781279175033 217.53532519385988 324.3734950994367 218.72021662803047 Other-plastic 0
356.3979449114704 207.65833927678716 353.55759563587344 208.61688618284785 352.1020576553965 204.30417701728095 354.9424026207853 203.3456309016346 Other-plastic 0
373.11965617526585 285.52130205789416 368.1570838912194 287.0718866307713 365.059882643076 277.1607908336189 370.02243109141637 275.6102102693329 Other-plastic 0
375.1876102999995 275.71377944805465 373.6917792254244 277.6768041134775 367.0463396279447 272.613622702734 368.542168999993 270.6506019999996 Other-plastic 0
98.80708237554427 386.68527668810117 102.9824143291662 390.9899085122505 95.61898832494626 398.1302034185403 91.44367179607798 393.8255868348018 Other-plastic 0
101.53700024302816 402.3559876071211 96.42213812046975 398.6446176802554 102.0307080382845 390.91728597976964 107.1455465212166 394.6286434952707 Other-plastic 0
207.76506642604 114.44176981134719 196.232736102771 109.39647237645771 201.8351110383628 96.59108822587802 213.3674155943554 101.63637921261834 Other-plastic 0
260.1566269999894 94.39356986535012 260.156634342482 102.60776364400411 250.36747037262467 102.60776424925334 250.36746999200477 94.39357740279951 Other-plastic 0
243.632970321225 88.35426311450775 240.09371096943505 85.16896724634243 248.6501994487735 75.66176307395837 252.18945498287212 78.84705594102722 Other-plastic 0
245.81616676922567 162.7911203118498 241.65409225019903 157.46317378848676 251.7563561554307 149.57185149990434 255.9184261619739 154.8997885731464 Other-plastic 0
258.8253010000044 146.32396299999985 264.1687219469277 146.26385212386188 264.2773053620731 155.91574788894872 258.93388441619027 155.97585868784398 Other-plastic 0
231.17391703459361 259.010705585586 231.8389893134554 253.3999189623836 238.7611249318761 254.22033664626088 238.09606235678802 259.8311144197742 Other-plastic 0
191.07621490293604 251.49559453563222 184.08786680918638 250.5129608241943 186.2411826207499 235.20067633694498 193.2294852593186 236.18330681212774 Other-plastic 0
71.00605270979577 197.0828341434307 68.13447791080034 197.5154664858153 65.68565602716626 181.262526163566 68.5572153179819 180.82989501200632 Other-plastic 0
182.4698800364058 370.0562256144458 182.08338762714266 363.53562066083964 184.432779955765 363.39640100315086 184.81927700000233 369.9170010000009 Other-plastic 0