266.7972734371833 290.66396863048027 210.43524223533313 294.21357184864985 199.61061779100783 122.32984671351149 255.968992000031 118.78036199999937 Styrofoam-piece 0
261.1856296183432 199.11475193142078 236.82334454019292 203.00346399850264 228.22919128011927 149.16350290227908 252.59107791284987 145.27482312553573 Other-plastic 0
299.2043140685637 269.4863938331075 237.8078726826825 261.21205125941054 257.0295863420579 118.60846930320565 318.4232637185705 126.88263206163074 Styrofoam-piece 0
417.45663430727654 346.4070240739493 369.8230348722391 392.36544253707956 264.7510413865566 283.48122137117105 312.38237589041455 237.52486152126232 Single-use-carrier-bag 0
328.5122529478067 327.90472585801933 305.7710634756004 333.4522798525421 285.12801157838476 248.84113891557507 307.868216999992 243.2937119999996 Single-use-carrier-bag 0
279.77594231986586 177.5060638252563 367.08671087279436 143.8777031061772 442.248143774279 339.00486486854896 354.93829643575737 372.63161623498735 Single-use-carrier-bag 0
255.3426835163118 127.06052409959966 214.48139097869716 124.57392713669581 220.16987326930757 31.103311952164205 261.0306364218741 33.589892792072476 Single-use-carrier-bag 0
219.29121346816828 67.6794815843493 217.95975472888676 44.33677342850339 244.35760455232958 42.831056515122576 245.68909146665828 66.17373449908469 Single-use-carrier-bag 0
260.2015499999834 58.04651199998403 235.57428183997035 33.172080302306064 271.46431250956084 -2.361276089823319 296.09155686196027 22.513132771139 Single-use-carrier-bag 0
312.58906023177406 134.26009931670097 344.4989649774543 141.46671636082743 331.71561610108256 198.0670076963798 299.8057276516374 190.8604510872042 Single-use-carrier-bag 0
319.77658733342105 121.4350425693111 255.16728634865285 122.20828286776404 254.0159911789051 25.97368300932639 318.62447748618433 25.200447617353024 Other-plastic-bottle 0