-0.009064713638508692 317.14406447849325 14.723091533538536 317.01236724555713 14.940154846142832 341.2893567053853 0.20799860369515955 341.4210530124822 Glass-bottle 0
126.53941303303873 341.37667845361767 100.35388655037605 335.7216727820854 105.74972158777746 310.74176667118473 131.9348762274094 316.3967307396515 Other-plastic-wrapper 0
145.7236412161401 408.5048452702182 131.50805248560573 420.967354523035 115.68055520084818 402.91854184464034 129.8959999999788 390.4561400000072 Unlabeled-litter 0
68.44831596964286 346.2128768675547 64.5304569931941 346.1363253691571 65.0604978453448 319.0164908124775 68.9782947741769 319.09304170554157 Unlabeled-litter 0
232.13812076874092 380.47750178338225 243.15200000002005 379.05263200000013 245.7418649249339 399.0663696651946 234.72798759736907 400.49122960451933 Unlabeled-litter 0
279.16807125415653 416.4455167126792 268.11178255707273 415.0821576566872 275.9711221517973 351.3653415217998 287.02693569862095 352.7286709108386 Glass-bottle 0
308.07681149161 105.4676095944949 302.050002193675 107.67956009520566 296.4052060278227 92.2996664237008 302.4319999999898 90.08771900000292 Unlabeled-litter 0
170.63140972193287 245.71792605393568 178.4841686004329 246.53166322470537 176.07898809795734 269.7395687039974 168.22622986705028 268.9258358417647 Unlabeled-litter 0
290.8880381239942 333.4385867981272 282.3150465185063 335.5078213494436 279.4479999999894 323.63157900000436 288.02093401770617 321.562351673593 Unlabeled-litter 0
21.911948817109078 275.70828057200225 28.30400454586197 284.07767434971805 12.736010621669266 295.96584360096557 6.344000000015512 287.5964909999995 Unlabeled-litter 0
316.68000000000757 303.1052630000038 318.44100422008705 302.62353282051384 320.6320000000087 310.6315789999977 318.8709962050052 311.11330809898453 Cigarette 0
346.9898778836796 281.050224643797 338.7752238658504 279.3570947342683 342.7854210743426 259.903369068472 351 261.5964910000017 Unlabeled-litter 0
242.90615392295877 311.45919137208256 235.6771203160497 320.0285699072 215.12064975364046 302.6901576660965 222.34964439070973 294.1208414473601 Plastic-film 0
289.1200181052882 348.2631621271742 282.693956583571 346.79831604843 286.0597142564802 332.0363725240134 292.4857199798789 333.50121201211664 Unlabeled-litter 0