225.77210839429245 199.5031823360333 226.69112231068357 207.7185331765693 184.2082723150561 212.4703459070776 183.28932805456498 204.25505881774896 Drink-can 0
186.10526300006313 206.64799999999676 186.51532611146104 204.35917055026871 195.22372548356725 205.91923138603877 194.8136665325037 208.20805716460356 Pop-tab 0
251.78945462850606 174.0959727269752 251.7894837837157 183.76799664262762 229.66666354855988 183.7680073316716 229.666668056645 174.09601705382383 Tissues 0
252.70175400001244 195.5200000000048 252.93804855475173 193.99284103533606 267.080553505577 196.1809232314424 266.8442631678299 197.7080784281113 Cigarette 0
207.79723334152368 199.862650261599 208.33908557629547 201.4641095308879 198.7348308329747 204.71345638041092 198.1929819999932 203.1119999999981 Cigarette 0
206.55188694443132 205.39060395505012 204.99507401580559 203.47886347411412 210.09231187110709 199.3282624469958 211.6491235609683 201.24000068882904 Cigarette 0
222.8245608543548 200.4079894609619 222.84176269936142 201.65261050162576 215.31544616493193 201.75661937811591 215.29824599998756 200.51199999999324 Cigarette 0
150.11572134470043 225.35415190303078 149.517555216622 223.38665758036478 158.3667466495899 220.6965184363304 158.96491479242832 222.66400918485868 Cigarette 0
158.28070199999638 209.76799999999764 160.69080015227883 208.71102255631027 162.84210500001063 213.6159999999951 160.43200747432275 214.67297638944422 Cigarette 0
160.28881975282638 209.35387494138962 162.22820901761588 214.63305307963006 148.36042489186002 219.72716340381757 146.42105299999457 214.4480000000058 Normal-paper 0
110.38596500001222 214.34400000001816 110.77030724662836 210.25065821974536 126.27906253030233 211.70671059694337 125.89473320262914 215.80004044419647 Normal-paper 0
105.82200375758475 226.3875332482253 109.24561400001403 227.96800000000047 106.73939806032286 233.39646483960237 103.31578900000022 231.8160000000019 Cigarette 0
119.96491200001765 226.9279999999871 121.41462988635612 224.59057083373892 128.81344904069192 229.17903861544966 127.36373582555461 231.51646369479315 Cigarette 0
62.2631648120514 256.4639893868119 61.172274539589125 258.1635962063461 53.777278596084216 253.41766583663616 54.86816837612423 251.71806236797264 Cigarette 0
24.175439000027836 269.15199999999305 24.405564688469894 264.61076197510556 29.877192999992985 264.8879999999936 29.647073433628975 269.42923217337477 Cigarette 0
78.67203067298033 233.18967723724762 78.94485861184512 234.46418537154787 66.41317506125051 237.146504754701 66.14035099999819 235.87199999997887 Cigarette 0
73.41774233043179 229.8675127516702 77.58424908011875 237.87313925914532 17.650043824709428 269.0619091892884 13.483675527590094 261.05640139735783 Plastic-film 0