22.819019141035824 221.4006514433275 19.202263322629733 221.78867952836023 16.247280488492834 194.24767512160432 19.86399999997957 193.85964900000008 Normal-paper 0
189.92196665779193 183.29754101294867 199.63558428512988 183.43312521214045 198.99595437944663 229.25468860426992 189.2823367722085 229.119105531125 Drink-can 0
202.90797301332714 192.51500593763728 202.6960000000072 188.84210500002249 207.06002454314876 188.5902611521411 207.27200008062937 192.26315939708556 Cigarette 0
196.01179436665552 136.9110938387372 198.37753927126687 136.25731149426252 201.00574267308912 145.76727198623036 198.63999808813605 146.42105352835063 Cigarette 0
241.5531143349217 304.0970516470743 240.6559999999845 308.35087699999474 234.87088076801592 307.1310115979676 235.76799999998184 302.8771930000057 Cigarette 0
254.72006634609716 254.544112639382 256.7326762599114 254.02794064444427 259.8286024281915 266.09786625812137 257.81599306104545 266.6140367796224 Cigarette 0
260.31200599809017 262.9649108604945 258.32119290233095 263.343121046382 256.76119431042025 255.13259546203082 258.7520000000295 254.7543859999971 Cigarette 0
303.47201814231084 341.1929806214453 301.6279824465819 341.3331006328036 300.00613322473873 319.9929319429351 301.85014602113006 319.8528128061504 Cigarette 0
293.90399934219386 318.61403495001616 300.0564696068868 319.08153713008375 299.41599999999016 327.508771999999 293.2635298626119 327.0412709430778 Cigarette 0
326.872000000003 370.6140350000069 324.3945642998988 365.05365934489396 332.90400000000227 361.2631580000109 335.3814404737932 366.8235169489928 Cigarette 0
394.78399999998146 275.9649119999961 391.84747748839436 275.1940371245073 396.5056584626327 257.45176125573414 399.4421569080514 258.22263280431093 Cigarette 0
389.0639999999985 134.78947399999328 385.6590323291348 133.6968884020006 389.6110427443018 121.3811003846217 393.01600122821765 122.47368439411203 Cigarette 0
241.03496987978724 311.0423307872481 239.68367562834464 313.38346454432076 234.62470574910185 310.4639370147836 235.97600000002421 308.1228069999853 Cigarette 0
189.83203756949297 174.58659912252568 191.52998229709192 173.36414783538154 195.55394163099845 178.95299045423369 193.85599801215358 180.1754404311758 Cigarette 0
165.67200106215387 156.684211 163.17599924684328 156.684211 163.1760009204736 152.122807 165.67199964599058 152.122807 Cigarette 0
31.91509234352634 147.1917999028769 32.96714255829647 147.0958567763289 33.50004995530617 152.93914497054013 32.447999750704184 153.03508802273382 Unlabeled-litter 0
405.68733496703135 14.127368921554257 412.31630071998734 21.239849837313706 395.77050708400566 36.660818814983664 389.1415446973697 29.54834125363456 Unlabeled-litter 0
330.626996109997 186.5796837791531 339.7247220749741 189.49469223194112 334.74256574526953 205.04293450234331 325.6448434653721 202.12793424302765 Unlabeled-litter 0
302.2240053411115 390.912284907194 294.14240999916 385.00032261404573 303.09245421965534 372.76890601692276 311.173992924676 378.6808381746966 Unlabeled-litter 0
306.1912590310494 305.53849706303595 309.76393274536167 304.4579774534549 317.4446261703124 329.84932672082147 313.8719559198398 330.9298383315205 Unlabeled-litter 0
321.701266085307 411.5312499667695 317.4311470710709 411.92057198871663 316.4840122490132 401.5351630007117 320.754099573096 401.1458424329819 Other-plastic-wrapper 0