90.25434048141324 243.51915051929805 89.17544250756691 232.28121535866546 116.62712796910273 229.6459429366377 117.70608353436182 240.88381291831521 Plastic-film 0
165.57894700005272 245.4399999999872 165.62093683729472 243.8749767332173 177.43859600000724 244.19199999999898 177.39661025187525 245.75701928059848 Cigarette 0
180.40349978439554 260.62398842166834 180.4035090000034 265.304000000023 173.56140580443753 265.3040041697762 173.56140399999276 260.6240000000104 Cigarette 0
102.4035090000034 247.2080000000075 105.29550019443923 245.72834201460114 107.64912300001743 250.3280000000025 104.75713292776709 251.80765631162916 Cigarette 0
250.31323720063665 272.0887157380946 252.11730104266826 274.9817010585545 238.31282268451105 283.58897380313726 236.50877200001923 280.6960000000076 Cigarette 0
239.92983547027688 287.8719905467571 237.01056765310932 290.5076964064655 231.09849140821825 283.9605046609352 234.01775187272506 281.32480463875305 Cigarette 0
262.73684942293403 280.904 248.59648395096156 280.904 248.59649174194055 278.72 262.7368419999948 278.72 Cigarette 0
284.63159176725094 336.9599922778093 281.26332212543275 338.99726655378726 276.4533608316233 331.04640548399004 279.8216162869321 329.00913676965706 Cigarette 0
318.1754261567803 341.2465730995092 314.2807020000437 339.2480000000081 317.2280952094443 333.50543073547755 321.122807000007 335.50400000001014 Cigarette 0
280.5263159999158 240.44800000002311 280.7346058887342 238.2405741557565 294.2105260000317 239.51200000000335 294.0022429344681 241.71941953439244 Cigarette 0
54.96491848673031 229.00797428702518 54.45058366699959 231.0467614352291 42.361217658290116 227.99718086851075 42.87555583289577 225.95839882174363 Cigarette 0