137.83132499995918 76.82530100000706 142.34493030324302 62.58464354516323 207.18488690897357 83.13546822142759 202.6713603994467 97.37605954802022 Cigarette 0
229.32435539102516 189.79670042784005 231.0842836740958 225.54551577193232 165.66137852884276 228.76542102848217 163.90190057656946 193.01703375348018 Metal-bottle-cap 0
56.72500002970264 153.0583505377148 58.31470887701653 167.58023402975505 29.295131937473343 170.75676317566106 27.705489000018133 156.23494000001853 Unlabeled-litter 0
398.88615850707356 131.02815589067293 398.8627016332721 129.1097652732074 407.6382183314854 129.0024638833055 407.66167710852824 130.92085256983287 Other-plastic 0
378.5488627781524 170.80120565526042 373.00959196073745 166.13678274330533 376.76863298153694 161.67293008897337 382.30789799998456 166.33734899999678 Other-plastic 0
375.62516700004926 188.18674699999556 377.86632305726744 182.844557897693 386.5233588567571 186.47613459609443 384.28221255292374 191.8183154257038 Other-plastic 0
398.2969770292766 227.60944094222668 398.0814718861293 224.82552073391665 415.513332783059 223.47620814921473 415.72884675178284 226.26011865554557 Other-plastic 0
415.3038876658975 248.17468720233134 413.2756676551253 252.3981010981648 404.1337789965073 248.00833533548487 406.16200100704737 243.78493079317684 Other-plastic 0
378.06580550728177 241.37805688319492 379.0688447960965 236.92060276917354 390.5388439380404 239.50137231234788 389.53581741607195 243.95881533699415 Other-plastic 0
367.12174127171966 293.24005708481224 368.01499406937 288.83337283421616 390.78177671089 293.44754999450333 389.88855412120756 297.85420778635097 Other-plastic 0
353.1486483922381 389.284246868755 354.2881306077943 387.1399264086845 360.05781260344884 390.205089895212 358.9183359884628 392.34940554911714 Other-plastic 0
237.60241038425374 370.3832827291539 235.65331928770684 378.6975876734164 219.89201522145595 375.0035594508687 221.84113664548204 366.6892984301998 Other-plastic 0
195.60910299998068 320.3795180000066 196.7940422687061 319.8839480052751 198.4647230686278 323.87792538800807 197.27978414798417 324.37349477455507 Other-plastic 0
208.34174916557458 356.39791222316563 207.3829519808205 353.55764699806537 211.69573347514597 352.10208913327165 212.6545326836931 354.9423503248132 Other-plastic 0
130.47880054523557 373.1196180109746 128.92768739532403 368.157214691044 138.8388815143444 365.0599833097945 140.39000383181337 370.02236983567525 Other-plastic 0
140.28621818511238 375.1875836917467 138.32292749998305 373.6921027020406 143.3861168751464 367.0466939293593 145.34940040010042 368.54217082821145 Other-plastic 0
29.31484096739223 98.8072229940956 25.00961473555435 102.98192453277115 17.86948815420328 95.61867516922564 22.174710473998857 91.44397726753877 Other-plastic 0
13.643498540008295 101.53662363664029 17.355587327368994 96.42229026615699 25.08312531005504 102.0309981664153 21.371041404636344 107.14532713986615 Other-plastic 0
301.5582330000143 207.76505999998233 306.60397831072623 196.2328983525186 319.4092410941048 201.83526653169818 314.3635300157257 213.3673991190615 Other-plastic 0
321.60643503391475 260.156627 313.3922254242425 260.156627 313.3922451549479 250.36747 321.60641866815786 250.36747 Other-plastic 0
327.64564843385597 243.63288876510705 330.8311572995626 240.09381833452753 340.338288345858 248.65026275916668 337.1527896945081 252.18932339288804 Other-plastic 0
253.2086610815677 245.81588265840816 258.53691905486994 241.65420104006418 266.4281963589747 251.75642981393133 261.0999487540648 255.9180997571609 Other-plastic 0
269.6760368211035 258.825285105795 269.7361723322465 264.1687160154623 260.0842552662725 264.27730978243096 260.02413176593836 258.9338907508424 Other-plastic 0
156.98928395255643 231.1739905428257 162.60008181771627 231.83890923652734 161.77967921025265 238.76106119288215 156.16888151118837 238.09614345752914 Other-plastic 0
164.50437067903113 191.0761963066326 165.4871845881171 184.087884584324 180.79940539900417 186.24120100652365 179.81661142285157 193.22949482245065 Other-plastic 0
218.9171755194584 71.00603755154948 218.4845187072533 68.13447442651305 234.7374668574812 65.68566625621533 235.1701259817346 68.55722651067316 Other-plastic 0
45.94377500001792 182.4698799999994 52.464385061368375 182.08349514935517 52.60360899654552 184.432892299241 46.082998948531895 184.81927700305008 Other-plastic 0