239.45711750346527 244.3500978875455 240.90437600839505 257.027520415774 168.8997359140194 265.245912795311 167.45270259565223 252.5686945779917 Clear-plastic-bottle 0
206.46854100003839 210.11445800000672 206.61294680820356 208.36894314738538 216.35341400000834 209.17469900002192 216.20901156800028 210.92021070537947 Cigarette 0
232.6425700000218 232.19879500001096 232.39898077618273 230.49078697369202 242.2838535008559 229.08117058682194 242.52744558833 230.78917514801176 Cigarette 0
341.37764142963715 170.16808975793091 341.22471946627775 168.9835937663973 350.2727809619755 167.81551557191926 350.4257042851714 169.0000099557555 Cigarette 0
265.0570808320117 177.60437989041847 263.4823667249875 176.35360969490907 266.7090902328091 172.29140037384548 268.2838027150101 173.5421695679227 Cigarette 0
100.24096400004419 266.8915659999931 100.24097176028226 264.7771057146832 113.18875550252778 264.7771361397134 113.18875415049479 266.8915900207804 Cigarette 0
214.16595423036415 335.19241799356763 215.40922033736206 337.5004222492819 207.4333528595489 341.7959500273031 206.19009399998322 339.48795199999523 Cigarette 0
397.6932417989228 150.46414913531606 398.67082317332097 152.135157720053 394.5625871441662 154.5384775176736 393.5850069999724 152.86746999998454 Cigarette 0
396.50870100002066 84.49999999999659 396.14500304008834 83.48396570741446 400.73938137351433 81.83938947061381 401.103079499826 82.85542339631624 Cigarette 0
397.065596381628 98.83132190786866 396.9399169969911 99.84915923169069 390.5041998865163 99.05450847063354 390.62987976210934 98.03667172073365 Cigarette 0
324.23472498287447 101.49617597441123 324.11245000005874 100.55421699999243 329.55911693771486 99.84720085681748 329.6813923077716 100.789159372435 Cigarette 0
333.5341978432916 103.2424334616166 334.2034733967994 104.432232622341 330.07221994973224 106.75606363960952 329.40294500002346 105.56626500001914 Cigarette 0
176.39625186420744 127.572282724766 176.4180086849192 128.57784161802525 169.15806012394023 128.73491376655585 169.13630414396903 127.72935569619531 Cigarette 0
188.0910300546202 121.07228328601543 188.28539595842085 122.24707809498514 181.18499388085183 123.42178190013509 180.99062900006174 122.2469880000068 Cigarette 0
259.5127180000163 119.89758999999898 266.6127113734001 119.26649817985992 266.7519343375425 120.83276328689745 259.65194097815765 121.46385500194083 Cigarette 0
249.4886219942855 116.53011933713071 247.45246223609865 117.88752800278576 245.03346699999383 114.25903600000154 247.06962543783447 112.90162793646384 Cigarette 0
200.34270400002424 120.36746999998493 200.7474893173494 118.06475281472747 202.97506564563082 118.45631966392064 202.57028094695488 120.75903630188978 Cigarette 0
107.75091781364972 139.1023101588212 107.9410100722962 140.39258034744773 101.68406713584409 141.314365181843 101.49397600004522 140.02409600001457 Cigarette 0
20.43343160641598 187.96956954468365 19.908969000025536 187.01204800001125 25.231898473051842 184.096700317911 25.75636114120789 185.0542209092308 Cigarette 0
52.20883631299148 196.17469666597265 51.30528344937193 197.7809066427381 47.614457999996375 195.7048189999884 48.51801090220761 194.0986101966627 Cigarette 0
158.57563305013537 265.9517918216366 158.95294921074674 267.89326363018847 151.29565209794964 269.38122724294044 150.9183399999638 267.4397590000019 Cigarette 0
212.5943678354488 296.5722738004314 213.9381671821211 298.58172088422566 206.5593230318882 303.515466374893 205.21552900003735 301.50602400001935 Cigarette 0
300.4444440000043 151.3795179999865 300.2759907788459 149.68255747860624 305.00959207953565 149.21268203482674 305.1780462468523 150.9096414869369 Unlabeled-litter 0
96.06808474924765 219.55461583852986 98.09738195031241 221.3142850431685 94.19529227672683 225.81388415150275 92.16599699999642 224.05421699999215 Cigarette 0
18.654749053886917 178.65836923785943 16.428379999983008 178.55421699999968 16.568814029047644 175.55247481095316 18.795180999994045 175.65662700000004 Cigarette 0