82.21804308864375 21.273798071901876 97.2856739819108 20.27514342703705 103.67562211884797 116.68556288134846 88.60799175139255 117.68421154670041 Glass-bottle 0
104.11385462635735 77.86809494307785 116.51191364897022 82.23211678843367 99.4460487449287 130.71487834461163 87.04799999999886 126.35087699999964 Crisp-packet 0
144.3519739071453 231.03509425136434 144.3520203334083 213.47365063212322 160.05599856645495 213.47369497862837 160.05600605593645 231.03508468545238 Metal-bottle-cap 0
165.4834423111788 244.12435887744587 183.187085974816 244.39342371345097 182.8671700306004 265.4405639296008 165.16352639467732 265.17150036132387 Metal-bottle-cap 0
197.60818344631116 168.77757709611595 227.87291500348874 167.65697896837906 232.31534151440792 287.62685334613855 202.05061154653595 288.7474246179571 Glass-cup 0
201.4331897551674 114.07975422768966 225.55994812984136 113.9865222024485 225.78275701486928 171.6436106386403 201.65599864435717 171.73684200523854 Glass-cup 0
264.6369294374563 232.96115191238036 242.14536888662406 232.7712365692887 243.17461529613502 110.93688307511637 265.66528548391216 111.12679448730161 Glass-bottle 0
245.94686201987133 97.10125014478389 266.03291520966377 97.28627958547723 265.4246742153264 163.31276995719332 245.33862104255968 163.12774188977133 Glass-cup 0
286.2062572784598 200.28184535315822 265.7106021495383 199.20349560715985 274.36378067262194 34.74958706051795 294.858695006973 35.8279165105423 Glass-bottle 0
307.0082268678307 270.719298 279.86374309890743 270.71929800000004 279.8645475225494 129.31578900000002 307.00760173100934 129.31578900000002 Glass-bottle 0
180.4055953104471 114.17031292898395 204.39816312333278 113.54829909828297 206.30455238110153 187.07974654183607 182.31198478661827 187.7017543944072 Tissues 0
188.60913848229393 103.20267985229832 163.3740955234207 108.10386069726805 142.52794476563577 0.772140671079601 167.76276749995668 -4.129019776327444 Plastic-film 0
322.240329930748 151.5253517006348 305.24123005859656 151.81602654794344 304.80634116864894 126.38096910069808 321.805334663688 126.09029516668816 Tissues 0
328.78869748039506 155.71039382713795 335.5145294625836 174.65242289210428 308.38749726286915 184.2839534731178 301.66176170038307 165.34200636109315 Tissues 0