21.273618781193363 333.7814761340994 20.275130100744718 318.7133742110721 116.6853612495106 312.3246545103301 117.68423401123437 327.39234711398905 Glass-bottle 0
77.86767625483844 311.88575334131724 82.23264055994514 299.4878596051798 130.71562245144014 316.5543140022574 126.35086598461203 328.9520312882066 Crisp-packet 0
213.473684 255.944 231.035088 255.944 231.035088 271.648 213.473684 271.648 Metal-bottle-cap 0
244.12429625951336 250.51656044013228 244.39348206405703 232.8128804022874 265.4405940281504 233.13287078485624 265.17148874576014 250.83647115229553 Metal-bottle-cap 0
168.77729325314795 218.39170265637523 167.65736637037844 188.1269117954123 287.62694757832287 183.68697507453538 288.7474921919529 213.95111194395813 Glass-cup 0
114.07960428955266 214.56677990402258 113.98668352495588 190.44000088314104 171.64367608724206 190.2179038086268 171.73684364529618 214.34442603162893 Glass-cup 0
232.9610621613174 151.3630948212146 232.77131870717858 173.85450240246314 110.9367258587481 172.82568295114058 111.12685698976202 150.33468793499392 Glass-bottle 0
97.10120260086478 170.05306737414267 97.28638840148051 149.96686299647658 163.31276687834543 150.57543060495016 163.1277700654391 170.661441898465 Glass-cup 0
200.28178147401195 129.79361886123112 199.20360028498908 150.28906982431297 34.749447960704856 141.63641144403124 35.82800881026924 121.14138169694095 Glass-bottle 0
270.71917769886204 108.99185286816311 270.71939992058105 136.13597559058599 129.31564306740984 136.13599104089587 129.31583296495592 108.99230265773019 Glass-bottle 0
114.16993484141494 235.59435381648763 113.54831748233846 211.6017969522182 187.07982097537752 209.69658217485687 187.70177439826875 233.68878686135412 Tissues 0
103.201723435639 227.39032839300413 108.10401001743594 252.62563305425684 0.7722490290980204 273.47222687982315 -4.12934815486733 248.23752204959106 Plastic-film 0
151.5253235713135 93.75966888250453 151.81605643244256 110.75873621178394 126.38098619507218 111.19369424995426 126.09029302695126 94.19466622887153 Tissues 0
155.71038946184854 87.21112667206502 174.65252088274792 80.48575545020134 184.28402719504447 107.6126668064794 165.34190402940658 114.33802152564914 Tissues 0