147.58465527998123 9.29980141135867 146.35836937822023 6.949420373342354 153.93500420002965 2.996393287508017 155.16129010415534 5.346774199584714 Cigarette 0
170.92043080349322 11.16989239979141 171.5161289999778 15.935483999980944 169.3397849722569 16.207526465471815 168.74408691391727 11.441934989743892 Cigarette 0
182 36.1693550000025 183.77031015408284 33.72755585868756 192.34408600000097 39.943547999996525 190.57377680886566 42.38534627266547 Cigarette 0
266.150538501297 21.70161289042589 263.0864593122715 22.37135690386702 261.39528762446935 14.634249060334447 264.4593660769897 13.964505129525827 Cigarette 0
208.76921634772225 49.7016316765247 208.5275589208577 47.15974810256628 219.64006185149992 46.10328223276337 219.88172034337185 48.645164611399885 Cigarette 0
401.6021539655085 56.08870001107769 400.62547404132783 59.37856314302522 386.8934904460257 55.301889733923254 387.8701717059703 52.012028900548586 Cigarette 0
311.8385514502006 63.182162445720145 315.49462399998447 63.00806500000042 315.6567840433854 66.41342549241405 312.0007114962027 66.58752290425926 Cigarette 0
144.11829541782936 270.16932395831606 142.60333411029933 273.21949651280994 131.8172039999663 267.86290300001343 133.33216685991283 264.81273913503554 Cigarette 0
208.20135147710243 213.6169463095038 199.98676584912027 262.12271125543947 47.595063596923865 236.314904989344 55.81078350846656 187.8107794186864 Rope---strings 0
159.14026895897769 267.4679244362156 162.36335067975597 258.874148198524 171.50866094276716 262.3036640548135 168.28560229995492 270.8974207343215 Plastic-bottle-cap 0
220.4018252599235 225.63111491235196 216.409030285482 224.5019368583116 217.98570857868253 218.92727523066912 221.97849500000666 220.05645199999836 Other-plastic 0
242.72716227820274 264.00581918765215 239.2556005466613 268.263763248325 231.7664740951659 262.15850630483817 235.23803051188588 257.9005717831312 Other-plastic 0
74.36559153554845 252.45160181375303 74.26959228773194 254.45679157182525 66.94803857135048 254.10630114554465 67.0440409277835 252.1011146626799 Unlabeled-litter 0
117.55915628459115 250.77418676316995 114.56308328494924 252.1056350168417 110.01075300000957 241.8629030000033 113.0068133868408 240.53145797910054 Unlabeled-litter 0
118.69642671694601 163.32658637881931 117.92956628009779 157.7031474499306 126.29765035469973 156.56205455257165 127.06451637584905 162.18548675600033 Unlabeled-litter 0
116.58064962904609 94.04031285049534 115.4536324200235 96.51137272251397 104.97849500000666 91.73387100001095 106.1055128243679 89.26281345065269 Cigarette 0