317.1439478242719 416.0090606336806 317.0123715579866 401.27685721322365 341.28935055797774 401.0600434542517 341.42105406202245 415.792118793819 Glass-bottle 0
341.3774069510873 289.4607309699183 335.7207535695088 315.64574430118273 310.7412736415754 310.25023813674994 316.3980534403672 284.06540282320964 Other-plastic-wrapper 0
408.5038107364162 270.2774549534042 420.96924971257977 284.49035325171855 402.92148897473817 300.3168127544095 390.4561399999984 286.1040000000016 Unlabeled-litter 0
346.21287902267795 347.55156508767766 346.1363321854369 351.4694653957505 319.016470651055 350.9395791346307 319.09304948784484 347.0217113952454 Unlabeled-litter 0
380.4779185964471 183.86182460619293 379.0526319999735 172.84799999998543 399.06591597400256 170.25823975689465 400.49123179298476 181.27202930936318 Unlabeled-litter 0
416.44574182612996 136.83190618528624 415.08205480766264 147.8881280050453 351.3650801597978 140.02918657167206 352.7288409603061 128.97305151296382 Glass-bottle 0
105.46756875570645 107.92319938837862 107.67960427479557 113.94997815186036 92.29974291063263 119.5947689432158 90.08771900002466 113.56800000000412 Unlabeled-litter 0
245.7178329165945 245.36857030531377 246.5317792194619 237.51580748065837 269.7396486899088 239.92104158717473 268.9257449916404 247.77376521047043 Unlabeled-litter 0
333.4385913044971 125.1119805504649 335.5082567201134 133.68482435829452 323.63157899997896 136.5519999999847 321.5619274941091 127.97916815494088 Unlabeled-litter 0
275.70791381249 394.08740671429126 284.07864509775027 387.69712721252586 295.9671509275868 403.2657894885115 287.59645820643345 409.6560250347296 Unlabeled-litter 0
303.10526300001584 99.31999999998655 302.62345195671514 97.55901741681555 310.63157899997896 95.36799999998789 311.1133908192751 97.128981332855 Cigarette 0
281.0502909482275 69.01012263908393 279.35696295659363 77.22469648072855 259.9031555296169 73.21456384435912 261.5964909999966 64.99999999997979 Unlabeled-litter 0
311.4586615929111 173.09455843598357 320.02880416148764 180.32263832060065 302.6908298251328 200.87852761921096 294.1207166203312 193.65047956894995 Plastic-film 0
348.2631640161453 126.87997361381863 346.7980198761834 133.3059329239916 332.036362506311 129.940296694784 333.5015143428536 123.51434831678674 Unlabeled-litter 0