194.59936447090877 22.81898275359717 194.2113130167818 19.20226203795107 221.7522982482733 16.247283014117045 222.14035121490087 19.86400200401582 Normal-paper 0
232.70243286866025 189.92182961228696 232.56690158785932 199.63551029583036 186.7453028107666 198.9960087361708 186.88090912424377 189.2824043276152 Drink-can 0
223.4849924777409 202.90794750662198 227.15789499998937 202.69599999999954 227.4097443471146 207.0600526698226 223.736841839338 207.27200000926993 Cigarette 0
279.08884700703857 196.01179444873236 279.7426992608889 198.37752556774026 270.2327944969584 201.00572704230072 269.57894699995813 198.63999999999353 Cigarette 0
111.90298502100995 241.55289601999132 107.64912300001743 240.65600000000384 108.86895518466918 234.87110509245588 113.12280700000701 235.76800000000202 Cigarette 0
161.45576663531392 254.72006165720444 161.97206151517457 256.73264310130736 149.90225328452652 259.8285757651741 149.38596500001222 257.81599999997854 Cigarette 0
153.03508799998235 260.3120000000108 152.65679614221517 258.32119734841706 160.86732185900473 256.7612147264409 161.24561658050152 258.75201358063424 Cigarette 0
74.80701800000679 303.4720000000064 74.66686462197686 301.6279830033738 96.00707293925734 300.00624097471035 96.14723591162328 301.8502474781778 Cigarette 0
97.38596593954935 293.9039876388174 96.91832189543493 300.056452672542 88.49122799998077 299.41599999998664 88.95888446981189 293.2635485481574 Cigarette 0
45.38596500001222 326.87199999999183 50.946721757041814 324.3954415580115 54.73684200004209 332.9039999999928 49.176089276930725 335.38055174348904 Cigarette 0
140.03508800007694 394.78400000001335 140.8062761088222 391.84755414057685 158.54823331072475 396.505740097254 157.7770670237769 399.4421671924357 Cigarette 0
281.2105259999844 389.06400000000616 282.30344286496256 385.65907869380396 294.61919992074763 389.6111411701449 293.526300791058 393.01604738314387 Cigarette 0
104.95779918056724 241.0347241509033 102.61651197804167 239.6836992956349 105.5359103186529 234.624976799053 107.87719299999299 235.97599999999804 Cigarette 0
241.41331332658956 189.83209154724338 242.63586368017423 191.5299644817704 237.0471091517502 195.55387095230694 235.82456099997216 193.85599999999621 Cigarette 0
259.3157890000002 165.67199999997635 259.31579115143904 163.17599857667798 263.8771930844123 163.17600174410876 263.8771925809233 165.6720015203272 Cigarette 0
268.80819620937837 31.915091697318132 268.9041435540348 32.96714161533778 263.06085915299263 33.5000497404693 262.96491200001765 32.447999999999716 Unlabeled-litter 0
401.8727249747244 405.6873089957687 394.7592845599138 412.3153376943995 379.3385176818774 395.7697906110206 386.4518959883462 389.14181459356485 Unlabeled-litter 0
229.42083234551683 330.6271107949302 226.505164839411 339.7246641098603 210.956519159663 334.74240733774303 213.8722098934195 325.6448974205198 Unlabeled-litter 0
25.087719000024663 302.2240000000039 31.00132320375633 294.143593238532 43.231246360053774 303.09257774915244 37.31767826971554 311.1729518832101 Unlabeled-litter 0
110.46107501791266 306.19119325397264 111.54198912853099 309.76380236398137 86.1510585859105 317.44458303399017 85.0701749999862 313.8720000000195 Unlabeled-litter 0
4.468806875385781 321.70124129589965 4.079317627856653 317.43114904263984 14.464776769546006 316.4840203233357 14.854277224505495 320.7541000414997 Other-plastic-wrapper 0