244.3506765437196 176.5424795987897 257.02781872203195 175.09575135906726 265.2456562582811 247.10032865417048 252.5685174180071 248.54703724371302 Clear-plastic-bottle 0
210.11445952928625 209.53145912649492 208.36895558096148 209.38708063236382 209.1746989999956 199.64658599999836 210.92019683905892 199.79096424025377 Cigarette 0
232.19879960797334 183.35742934291423 230.4907828534415 183.60098859180073 229.0811455293515 173.71611586616953 230.78915699999197 173.4725570000001 Cigarette 0
170.16809250358347 74.62236436790292 168.98360486963793 74.77527856732753 167.81551368493456 65.72721111320044 169 65.57429699999872 Cigarette 0
177.60444332923726 150.94296457246983 176.35359468744718 152.51763319967557 172.29132090586427 149.29086554592126 173.542168999993 147.71619799999564 Cigarette 0
266.89156945348805 315.75903600000004 264.7771072699361 315.75903600000004 264.7771169690277 302.811245 266.8915642733118 302.811245 Cigarette 0
335.1923436772013 201.833860575301 337.500490405615 200.59087005881364 341.7960933374925 208.56691965938955 339.48794802311386 209.8099081416299 Cigarette 0
150.46413713696893 18.306732478720193 152.13516265843646 17.32918310291872 154.53849534203255 21.437443775033547 152.86746988138475 22.414993069386757 Cigarette 0
83.40361400138136 19.63052201074242 82.80336367178097 14.903531548989266 83.89974960262771 14.76430862161705 84.5 19.49129899999243 Cigarette 0
98.83132492570803 18.93440399082957 99.84915997644566 19.06008163121858 99.05450616520102 25.49579953607618 98.0366711173483 25.370121911649942 Cigarette 0
101.49617709382437 91.76527806608205 100.55421699999715 91.88754999999784 99.8471977084082 86.44087988115018 100.78915699999197 86.31860800000246 Cigarette 0
103.24242661423705 82.46578616120273 104.43223463640243 81.79652767967458 106.7560725448784 85.9277969268542 105.56626469183539 86.59705517334008 Cigarette 0
127.57228900000337 239.60374799999948 128.57784218040615 239.58199545732185 128.7349085485548 246.84194021067844 127.72935536923978 246.86369271953518 Cigarette 0
121.07228900000337 227.90896900000294 122.24708264982837 227.71462820739427 123.42177989934135 234.81503077028748 122.24698631918 235.00937127805025 Cigarette 0
119.89759004157895 156.48728246748 119.26645792977433 149.38729220194358 120.83272153735379 149.24807023776762 121.46385500000906 156.34805899999202 Cigarette 0
116.53011924945895 166.51137787421374 117.8875975570445 168.54749170183604 114.2590360000031 170.96653299998368 112.90155918141318 168.93042049112583 Cigarette 0
120.36747080318673 215.65729614117444 118.0647452057674 215.2525531030218 118.45631232247251 213.02497613448463 120.7590360000031 213.42971900000336 Cigarette 0
139.10231070139344 308.2490506693725 140.39258658036852 308.0589981357055 141.31437043959886 314.31597199703725 140.02409463265212 314.50602420140643 Cigarette 0
187.96964948187815 395.5666970718831 187.01204800000414 396.0910309999962 184.0966187673439 390.7679738255193 185.05421699999715 390.243641000009 Cigarette 0
196.1746971891189 363.7911639816074 197.78102442982708 364.6945099109349 195.70481900000595 368.3855420000106 194.09849264510922 367.4821973032757 Cigarette 0
265.9518070000049 257.4243639999993 267.89329549517424 257.0471431304782 269.38124472612253 264.7044403073936 267.43975642372243 265.0816605005517 Cigarette 0
296.57228900000337 203.40562199999366 298.5818713355766 202.06205389019718 303.5155982204451 209.4409093096296 301.5060176391853 210.78447525270187 Cigarette 0
151.37951890004842 115.55555591065897 149.68255907982166 115.7240001468864 149.21268077881177 110.99039815623462 150.90963899999042 110.82195400000053 Unlabeled-litter 0
219.55439559875958 319.93171550050545 221.31433919884876 317.9026541759718 225.8141547966734 321.8049476282336 224.05421479790675 323.834005538808 Cigarette 0
178.65840063043652 397.3452490457176 178.55421699999715 399.57162000002 175.55244114111701 399.4311876087997 175.65662699998938 397.20481900001016 Cigarette 0