72.73272641843505 405.46842949692166 75.74458860979576 413.94205557961203 57.52056397306296 420.4175665110419 54.50877200006653 411.9439999999795 Plastic-film 0
120.65586051801802 328.6577698125638 131.50946743533495 346.92008382573823 92.73724376213795 369.9577510761277 81.88392806685442 351.6956903820087 Clear-plastic-bottle 0
104.07799685952341 311.96516224621365 117.4277352225472 328.80910373553365 82.84828081487285 356.2095735893655 69.49877992569964 339.36585084484653 Clear-plastic-bottle 0
97.61412625053345 363.68792192490844 88.67383823439741 371.33732654828384 76.13778387246202 356.68902712354657 85.07800677866544 349.03966883738343 Plastic-film 0
36.989247648944 375.63184376027885 34.996169798268966 368.4528561787661 49.55076641413689 364.41306891809256 51.54386588759735 371.59202120643096 Plastic-film 0
154.28890455245346 331.885260009634 154.0268736588041 338.32079321769635 138.1765363297818 337.6755031252251 138.43859600000724 331.2399999999866 Other-plastic-wrapper 0
213.43102472816463 287.24261528350485 214.5932891132361 296.3628612161043 192.22890285300673 299.2124022098247 191.06669702990985 290.09220932342413 Disposable-plastic-cup 0
171.28070199999638 244.60800000000268 172.7968951984294 237.1564334419086 197.12214836230487 242.10542315378322 195.60600046213222 249.55695001337955 Unlabeled-litter 0
80.0045626197134 173.76994171195284 99.76567652502854 159.87849041688443 117.31955027594813 184.8482197870274 97.55849281110568 198.7396037046472 Single-use-carrier-bag 0
158.50328554116277 172.06952973032674 171.0345034236998 184.58768571647042 142.83820460147763 212.81149826626762 130.30707132821772 200.2934266026666 Plastic-film 0
54.75033831145629 116.15900401668137 51.42851134270677 101.93100607099078 99.89597836353641 90.61536865269099 103.21785052016276 104.84330421645608 Plastic-film 0
82.86247481764076 275.6726471482649 85.93910077752298 266.9592323877548 121.67298700183164 279.57476436943404 118.59645635053312 288.28809813376984 Unlabeled-litter 0
142.33433251197494 266.1335900821872 151.9538559990142 273.2384647125206 143.04055430102744 285.30484883609887 133.42105299999457 278.20000000000255 Unlabeled-litter 0
73.88821045536315 388.27491742129456 61.50508551997336 399.4965531502245 46.29824599998756 382.72000000000367 58.681263293347 371.49845027603254 Unlabeled-litter 0