35.112394934647455 85.3953751517637 105.25289451222125 128.50784581345667 59.33793001036247 203.20484849734237 -10.802234077400499 160.09283241861934 Foam-cup 0
143.67190991346797 191.74586921104213 56.94081357461255 250.90848450365755 11.241251010967972 183.91667364175987 97.97078933175362 124.75478732960069 Foam-cup 0
106.89925519677126 159.19296755845028 86.1481862496039 107.85762325556287 286.5358373767049 26.855467716524508 307.2872730081035 78.18997176363966 Glass-bottle 0
281.73584054252206 163.11896804852526 225.03714742559168 174.72625072596333 206.48176859754312 84.08812617720874 263.1793934631678 72.48095391656645 Plastic-lid 0
160.52017635163065 195.76819530488368 163.42138243336012 139.04588531209993 251.68139681051252 143.55982775079897 248.78097815255387 200.28137275737848 Plastic-lid 0
433.4760165733169 116.6982803029538 393.74923414017394 211.39402762987078 252.60929948826015 152.18292306638023 292.3367575775701 57.48871739883933 Disposable-plastic-cup 0
415.9994313137722 173.32833355581113 426.672881086266 267.15628192496746 259.35327950142164 286.1819180136691 248.68321468323848 192.35668346317556 Paper-cup 0
284.3089347703244 333.03276380915526 224.18301749969396 410.4908746383007 103.98115260082704 317.19975570829143 164.1056456187689 239.7448994578436 Drink-can 0
248.9488261849583 139.15787237039777 251.80095859870198 198.0893924756127 163.81112425576794 202.34662562827606 160.95980797989614 143.41587859599014 Disposable-food-container 0
84.78297589989234 145.63641312185754 103.89088184057618 125.8057988333036 154.5316610011978 174.59907091374242 135.42395992165257 194.4294866052025 Unlabeled-litter 0
293.7040329379088 137.83982653450443 292.1920729008234 144.47470160512842 179.24903563583212 118.7369898932329 180.7610584112117 112.1021946025163 Paper-straw 0