66.31306233978103 385.0735985077868 75.00047489368808 384.75488180769065 75.74089561528308 404.93140955108714 67.05348317923199 405.2501240135811 Plastic-film 0
205.08800000002157 336.4399999999967 232.0125608533017 322.77815030286575 251.6543992946281 361.48000207662494 224.72995834805988 375.141669518102 Normal-paper 0
191.08266699999876 368.6800000000079 197.92971907601896 360.2325816125726 210.72370851033338 370.6002777344386 203.87670514429556 379.04765086354155 Other-plastic-wrapper 0
239.06133299999783 298.58399999999835 267.3678186918878 295.05589704942133 272.2026670000196 333.83999999999844 243.89618848315513 337.3680645092717 Plastic-film 0
252.26702076544098 242.78396102548243 289.08556774062527 258.2911048996379 264.73626323520875 316.095706051263 227.91785466387955 300.58880074736413 Plastic-film 0
311.0613871408532 236.6346545666338 295.9565460249032 267.1568262579032 242.57289869294618 240.74052920936222 257.6778101305499 210.21873928069098 Plastic-film 0
338.4756767018007 303.9989013283417 308.23397141313035 277.3955853684188 361.49242305228836 216.86129765502469 391.7334596528599 243.4641114149027 Plastic-film 0
47.950830687324924 111.14199322824474 61.42933299998913 94.53599999999813 78.73821060199771 108.58473949546865 65.25974696585763 125.19069681271804 Unlabeled-litter 0
195.38132346198108 171.91198203085324 201.9040073200449 184.2003683054222 192.89066059351535 188.9843663122654 186.3679999999913 176.69600000000224 Other-plastic-wrapper 0
232.8213330000035 154.0240000000016 230.93027133646683 150.82386578473296 236.42666700001428 147.57600000000048 238.3177285788006 150.77613150111827 Other-plastic-wrapper 0
220.6808340260941 127.05604473325204 217.9840000006625 123.75999999998503 222.81105831851892 119.81059371985668 225.50789108726167 123.10663621423045 Other-plastic-wrapper 0
223.39200425129457 98.0719914975996 221.45064689178616 101.95465224041754 212.71464205843222 97.58665752219972 214.6559999999845 93.7040000000116 Unlabeled-litter 0
226.72000000003027 59.59200000001682 221.5036314090903 51.181135548632554 237.1200000000208 41.49600000001455 242.33636800116074 49.9068576020622 Other-plastic-wrapper 0
76.45817170319788 190.26669064617317 75.75451393481126 188.88290978732482 84.85367979757211 184.25623114738423 85.55733792241153 185.64000968016157 Plastic-straw 0
80.39091005488808 185.62448516579278 80.71132994783693 181.06776195386502 88.43145734663267 181.61059253160326 88.11104351163158 186.16731004165624 Plastic-lid 0
215.03322806146753 324.9126922973556 222.08602716404857 319.07702160326994 230.52550943393362 329.2748045769618 223.4727306457571 335.1104530339585 Unlabeled-litter 0
276.0219266006934 364.0367042725121 276.3959903073155 382.22634024754495 248.5441684964644 382.79872396427754 248.17027451221657 364.6092535298237 Plastic-film 0
275.94666699997833 334.5679999999968 269.53092759351057 319.1393813090984 282.28824232971965 313.83544916900496 288.7040029260934 329.2640070366677 Plastic-film 0
413.169572797975 112.67518471202594 429.8307206330828 129.99078516358108 404.93340422097026 153.9462499515461 388.27232594523593 136.6307191306613 Plastic-film 0
275.44051241440684 27.415112136606638 293.38140348971865 32.78059821090705 286.19363586372856 56.814687299673196 268.2527469511115 51.449206208063664 Plastic-film 0
189.19163132791073 154.86730731734443 184.86357183240398 150.90005592246712 198.12529790149347 136.43276982902228 202.45334544355865 140.40001140619378 Styrofoam-piece 0
171.37493829860978 122.69239297916363 177.23018920308823 128.40464757334342 165.73790730059045 140.18424376643836 159.88266699997985 134.4720000000128 Styrofoam-piece 0
221.91303282925946 119.41185316689618 223.4488019788405 128.40351942941885 207.0599652642486 131.20261447758068 205.5242146439232 122.21096453783159 Styrofoam-piece 0
179.62405984844008 268.0392905829477 181.83660147843693 272.66307029234275 172.7725285493907 276.99976856778346 170.55999999998676 272.3760000000063 Unlabeled-litter 0
205.22666699999536 227.5519999999979 217.95520296470931 225.2113508313739 220.75733300000502 240.44799999999583 208.0287990757788 242.78864169641318 Other-plastic-container 0
221.67122435763667 256.93894139844616 218.74365966693222 240.3505917409363 247.5773533719257 235.26245295252997 250.5049996964226 251.85069615844128 Plastic-film 0
245.21063718587902 276.3823475970296 231.02980032156847 275.8975939097824 231.5517537878295 260.63189214730517 245.73248888356466 261.1166440995817 Plastic-film 0
236.1493329999721 235.76800000001035 248.36174167898207 229.643759029009 256.3301509923913 245.53206691290674 244.11775744297483 251.65628485134002 Plastic-film 0
246.41067963160094 261.56000097908003 239.02347274545536 260.9874153147097 239.84231782050847 250.4245643453106 247.22948969473146 250.9971486491175 Plastic-film 0
283.06279019075373 166.6406726093153 296.22582400704414 172.6530855850126 290.22216512411615 185.7962294122715 277.0591395948686 179.78382992926697 Other-plastic-wrapper 0
389.51468929666225 178.67199021172001 375.42880156978936 184.85571312276284 367.78499844514954 167.44474975494356 381.870815354825 161.26104469200516 Styrofoam-piece 0
218.64353738167847 262.16986312720184 224.30738580973411 266.6595357746962 214.4498263932037 279.09350791932684 208.7859930748782 274.6038522098509 Styrofoam-piece 0
216.59733443480582 264.6799789578843 216.08782813479775 272.1521651990427 204.69526710634455 271.3754123549881 205.20479202986462 263.90324621666247 Unlabeled-litter 0
224.91733300000124 162.3440000000002 221.25280526997085 160.69768736957255 226.6712350665657 148.63734020548608 230.33575131675389 150.28364984851083 Other-plastic-wrapper 0
242.5279817352457 43.887984619267165 244.38976988957438 45.45579543666618 226.08578613398277 67.19180863612847 224.2239999999947 65.62399999999712 Plastic-straw 0
329.6222570084392 318.3846911903673 330.36627040594976 328.30252656409385 319.2436485523431 329.136730843615 318.4996687852108 319.21892698558736 Unlabeled-litter 0
383.5520057877693 135.40799164010707 381.5489214224217 138.30125117480065 374.338249423432 133.30925653962376 376.34133300001486 130.4160000000051 Unlabeled-litter 0