125.33447068235182 266.793915774737 121.78708626221487 210.43360310025722 293.670629814882 199.6140327073332 297.2198499553124 255.97235753108916 Styrofoam-piece 0
216.88524703394432 261.18542767635637 212.99615182524576 236.82332303991555 266.8363374850487 228.2292258751558 270.7256634042169 252.5910387944788 Other-plastic 0
146.51355273362788 299.203027057658 154.79257599322227 237.80554729070812 297.3924653648355 257.03003945657525 289.11584615393804 318.42537024964525 Styrofoam-piece 0
69.59088321718082 417.4489547504604 23.62828689050002 369.8245169599476 132.5158216459131 264.7608758443904 178.47627817848115 312.38301834370293 Single-use-carrier-bag 0
88.09508343207926 328.5111089602165 82.54663992164933 305.77031340220077 167.15779931960424 285.1292364421027 172.70659770038765 307.86948621457634 Single-use-carrier-bag 0
238.48534287909206 279.77329431910624 272.1282677138188 367.0826380058533 77.00354535203223 442.24377966465914 43.367390703777346 354.9401343767778 Single-use-carrier-bag 0
288.93928415915434 255.34241681083398 291.42717761021413 214.48058645645733 384.8967923757591 220.17050264778982 382.4097453979484 261.0315290682132 Single-use-carrier-bag 0
348.3205131518189 219.29112717388244 371.66321854073976 217.959763615364 373.1689763345021 244.35769398932797 349.8262715657911 245.68905036678197 Single-use-carrier-bag 0
357.9534880000465 260.20155000001307 382.82995889195445 235.57569238808307 418.36143145086317 271.4645670322041 393.4852439703827 296.0901380575569 Single-use-carrier-bag 0
281.74026806622715 312.58892494557756 274.5325462360561 344.4987637403036 217.931491665473 331.7153842714762 225.1395791484938 299.80605863655313 Single-use-carrier-bag 0
294.5644674670184 319.77653775828304 293.7921714034128 255.16714085921421 390.02590934455657 254.0167112457098 390.79976236675793 318.62451667880174 Other-plastic-bottle 0