10.531549240939057 72.73304004330589 2.0577078140413505 75.74398485413313 -4.417823813982977 57.51971333449919 4.056000000022323 54.50877199999631 Plastic-film 0
87.34274353936416 120.65699197688654 69.07940409166258 131.50854239227607 46.04151943611578 92.73610485510535 64.30474100274296 81.88459924352324 Clear-plastic-bottle 0
104.03581682910226 104.07945379863857 87.19058809164562 117.42733173324243 59.789496373592556 82.84721586325553 76.63464389717774 69.49938787980278 Clear-plastic-bottle 0
52.31200000001627 97.61403500000917 44.6616260293049 88.67467534415837 59.310647086735116 76.13809625467105 66.96101305066622 85.07744333730416 Plastic-film 0
40.36806564982544 36.98895475875644 47.54714854980193 34.99629853673564 51.587081271620264 49.5512052531691 44.40799883654108 51.543860322939594 Plastic-film 0
84.11467762064422 154.288892419412 77.67918566698427 154.0268855848899 78.3245343495073 138.17658970237346 84.76000000000568 138.43859600000033 Other-plastic-wrapper 0
128.75735500664086 213.43129036900902 119.63711035343294 214.59323529988043 116.78763362609243 192.22875057432015 125.90780604977044 191.0668102888393 Disposable-plastic-cup 0
171.3919928479263 171.2807005450216 178.84358994875947 172.79661102444226 173.89466107006228 197.1221152561444 166.4430658037054 195.60621086251712 Unlabeled-litter 0
242.22979488380952 80.00466806439496 256.1220115819888 99.76522660707568 231.15246268373448 117.31914111357574 217.26030338798228 97.55863409455257 Single-use-carrier-bag 0
243.93069389936863 158.50347137788833 231.41188493012305 171.0340622898805 203.18798919527762 142.8377698328005 215.70672999128146 130.30724672888783 Plastic-film 0
299.840981239533 54.75033021429885 314.06891046901364 51.428545063147475 325.3846822954474 99.89601107003182 311.156756988461 103.21778472829469 Plastic-film 0
140.32712849040763 82.86272255066764 149.0406664765469 85.93882035122193 136.42553286187103 121.67257837066019 127.71200000000681 118.59649099999557 Unlabeled-litter 0
149.8667334229358 142.33456981894992 142.76109079808157 151.9535273984021 130.69436442028382 143.03999220970414 137.80000000002838 133.4210529999896 Unlabeled-litter 0
27.72580457535878 73.88736892682853 16.50264676651932 61.50576341336389 33.27999999996973 46.298245999991096 44.503146110422676 58.679836299643995 Unlabeled-litter 0