85.39180965617925 380.8848289073859 128.51467506547488 310.75091165559417 203.21040138234457 356.66936563710345 160.0898880899258 426.8012297739983 Foam-cup 0
191.7455988372967 272.3283224446786 250.9191954399721 359.05310415349663 183.9246359411336 404.7528044854734 124.75338286958504 318.0301189068483 Foam-cup 0
159.19547302028877 309.10090717046495 107.85784462667289 329.85155769912654 26.85461540009419 129.46374502784047 78.18853699184183 108.71392922831947 Glass-bottle 0
163.11894400690653 134.26404208356982 174.72774234509416 190.96232748502214 84.08883071529635 209.51827946001086 72.48093846475967 152.82078208803833 Plastic-lid 0
195.76862300897847 255.4793623896176 139.0456671728607 252.57900733895028 143.55997860119896 164.31865969876034 200.28105590244013 167.21896610978092 Plastic-lid 0
116.6992830750496 -17.47572873792484 211.3944750930932 22.250909153615815 152.18300089563127 163.38999891272152 57.488015871625976 123.66376700827205 Disposable-plastic-cup 0
173.3333329999914 1.6538884343610287e-12 267.15900370992676 -10.667306518940581 286.18189057318887 156.64933652415806 192.35625013118988 167.31649185273233 Paper-cup 0
333.03192795786526 131.69545452417333 410.49589367837325 191.81313938649862 317.20108770148363 312.0149902126421 239.73870990130672 251.8991210003067 Drink-can 0
139.1581382284021 167.0507301628932 198.08929849752167 164.19943629738125 202.34683257618963 252.18891649549766 143.415675335571 255.04016372360758 Disposable-food-container 0
145.63679245277308 331.2166460944878 125.80413555312043 312.11066903186247 174.59863025759842 261.4687874420561 194.43089099928693 280.5744023194673 Unlabeled-litter 0
137.84087875076148 122.29620684210344 144.47571058518588 123.80815245321325 118.73696250952707 236.7509478177365 112.10213973104692 235.23903046489534 Paper-straw 0