199.50337921694882 190.22776220534632 207.7186608155971 189.30896524036 212.4702945015233 231.79179786678878 204.25501409699427 232.71058753583515 Drink-can 0
206.64800123224632 229.89473722073035 204.35915959483464 229.4847442063083 205.9192189593232 220.77630939232978 208.20805278121043 221.18630169132942 Pop-tab 0
174.096 164.210526 183.768 164.210526 183.768 186.333333 174.096 186.333333 Tissues 0
195.51999999996406 163.29824599999708 193.99283825825114 163.0619822523904 196.18089755667825 148.91944371238364 197.70805339693834 149.1557069951358 Cigarette 0
199.86264530007247 208.20269972893743 201.46412885334576 207.66092558673802 204.713479943719 217.26524594182803 203.11199688083434 217.80701905519638 Cigarette 0
205.39071825757856 209.4482403709684 203.4788653949363 211.00491860856087 199.32815003588985 205.90755336650957 201.23999999999432 204.3508770000018 Cigarette 0
200.408000000014 193.175439 201.65261086320606 193.1582419207997 201.7566107279199 200.68455694505326 200.51199986524807 200.7017540018621 Cigarette 0
225.35419111872397 265.88436671861433 223.38665911516728 266.48242511208014 220.69647583462938 257.6331451178055 222.66399999996065 257.0350880000064 Cigarette 0
209.76799999998184 257.71929799999253 208.71085167763886 255.3092730273603 213.61600000000908 253.15789500000946 214.67314919312412 255.5679170654693 Cigarette 0
209.35381607820818 255.7109035453172 214.63310909642678 253.77188186657256 219.72728422133878 267.63993391027157 214.44799457563568 269.57894899229274 Normal-paper 0
214.3440094995276 305.61403589170175 210.2506542717092 305.2298011506501 211.70667786168997 289.7210298191503 215.79999999998108 290.1052629999998 Normal-paper 0
226.38718637498096 310.1778308061772 227.96800000000076 306.754386000001 233.39680561585556 309.2607749060409 231.81599855364402 312.68421413226156 Cigarette 0
226.92799999997806 296.03508799998804 224.5904127763497 294.5856260152251 229.1789912385757 287.18662032893286 231.5165705126019 288.63607907728533 Cigarette 0
256.46399207455397 353.7368369147817 258.1637635775005 354.82746497237844 253.4176688965017 362.2227072526222 251.71789976968648 361.13208221445456 Cigarette 0
269.1520057805901 391.8245612928045 264.61075671159415 391.5945326331837 264.88800000000265 386.12280699999906 269.42923205782427 386.35283522782885 Cigarette 0
233.18969360803385 337.3278879708449 234.46422203223847 337.05514410596203 237.1465200826351 349.5869079061578 235.87199198906092 349.8596507142987 Cigarette 0
229.86751829735658 342.58128459819164 237.87399374255256 338.4159350497004 269.0621062936698 398.35049369536665 261.05569278688927 402.5157513872146 Plastic-film 0