249.5846411136481 290.796997783017 230.46318692566274 290.6893655439449 230.6543051995286 256.77062312591113 249.7754452143563 256.8782544777267 Single-use-carrier-bag 0
268.7200006589301 197.0194441798369 241.15704820309475 198.21642473516062 236.33768278111893 87.23361089705624 263.8998572722594 86.0366474362658 Plastic-film 0
278.33387027352364 111.73405990909089 270.5513913188406 111.82744803691966 270.3135485752282 92.00566896316909 278.09599999999773 91.91228100000018 Unlabeled-litter 0
402.3202262996492 190.41351380213092 384.47013496702493 192.70627746298422 372.8988367331549 102.62109323270064 390.74849967983755 100.32835805072502 Unlabeled-litter 0
356.54323526868393 9.75516313810535 363.52131515484143 12.262195404638012 353.9791791666976 38.821776719930334 347.001100043577 36.31474591772642 Plastic-film 0
320.2921415149067 238.03434271983133 330.61657077543714 236.64980558550673 333.3813921233668 257.2647721971186 323.0569641189577 258.649303044734 Unlabeled-litter 0
258.7331708652673 -0.7762507185033292 281.72549538359453 1.6065864266923773 276.16053104937237 55.30363933701522 253.16820681807076 52.920805211825716 Unlabeled-litter 0
370.96800000742587 1.140350499682409 370.8293834403448 10.495338108887449 355.43738277410375 10.26726786027541 355.5759999999864 0.9122810000044265 Unlabeled-litter 0
236.17195920499944 25.509760150137456 246.8262419562161 26.214402663626224 241.89209539128206 100.81889744456517 231.2378129277531 100.11425778428732 Unlabeled-litter 0
192.8400731804395 89.59775731534853 200.2260771328256 89.17676269678056 201.37512734736447 109.33556847636383 193.98912345683857 109.75656234985215 Plastic-film 0
220.69352216981133 38.83521388297844 212.88117870235146 38.349428833692194 214.19730938340217 17.183669015260765 222.0096443752591 17.66945379331383 Unlabeled-litter 0