311.895155151411 93.93548004611284 313.86829513656266 95.26940930548459 307.158622849056 105.19414286053832 305.1854839999942 103.86021499999686 Other-plastic 0
35.713381531058985 51.68524531651655 42.792685098873335 50.53932331868639 46.14826296008687 71.26936395980871 39.06895970147889 72.41528465459767 Cigarette 0
12.268073519342579 180.95901657544152 14.84699022181303 181.03999804841365 13.062787663333438 237.85517462501844 10.48387100002219 237.77419400000068 Cigarette 0
102.9452925931837 385.29825577693737 96.17351499449796 387.59136041335216 89.57508146334294 368.1102929538872 96.34677400000874 365.817203999999 Cigarette 0
301.9091572971629 377.4204002422058 307.07258099996034 376.4408600000037 311.87116783478996 401.7288594842079 306.70774654345223 402.7083910661803 Other-plastic 0
263.6387471076414 290.1129365896838 262.1790167109684 291.4265030605652 258.85478771116686 287.73291980924273 260.3145160000058 286.41935500000693 Other-plastic 0
194.33280195429688 298.44772001473774 191.95967700004257 298.9999999999947 190.9494613581155 294.65980634108263 193.32258099996034 294.10752700000444 Other-plastic 0
177.70161560457927 269.3655927999938 171.8058921632546 265.2911021801977 177.4919349999982 257.06451600000423 183.3876388519784 261.1389971456963 Other-plastic 0
142.58064499998363 266.98924699997974 141.68414427440075 263.4933108368486 144.40994998815222 262.7943899220565 145.30645220192673 266.29032378745336 Other-plastic 0
112.28225902372287 390.6989256140611 109.56859143542897 389.07115688882993 111.86290299998655 385.24731199999314 114.57656418622355 386.87507824557446 Other-plastic 0
52.96596720126399 326.8587387301597 62.38755108311307 327.8166709899149 60.211133926572074 349.2182018768222 50.78955096898426 348.26027575967754 Other-plastic 0
301.944770979193 126.13605077431495 299.83871000003273 124.68817200000663 302.6600697352151 120.58438006447953 304.76612908189054 122.03225805630501 Other-plastic 0
172.5433181162989 215.01076006461528 181.92524357476577 232.34886023590678 157.8503172853416 245.3748649543305 148.4685039768956 228.03686120805045 Unlabeled-litter 0
46.449662706203526 239.4011640472715 40.482486787277594 239.80797968040412 39.17776649264124 220.67175446648417 45.144896508987586 220.26494039706805 Cigarette 0
82.92738929712141 342.4730351939035 85.63558641231066 350.0229675108555 68.87903200001165 356.0322580000196 66.17088354963926 348.4823669395786 Cigarette 0
92.15322599999126 399.3655909999841 93.95348399957584 393.6143116417659 104.22764222284604 396.82941707049144 102.42740969372244 402.5806747309218 Cigarette 0
288.2803780299437 239.65754826818022 290.08870999998544 237.91397800000033 292.31639516380164 240.2241735330562 290.50806435756385 241.96774261942525 Other-plastic 0