93.93548399999418 104.10483900001248 95.26944807689506 102.13172814612442 105.19417061782951 108.84141618279685 103.86020903827375 110.81452481817489 Other-plastic 0
51.68539796296682 380.28658932329097 50.53925741201601 373.20731721745653 71.26925230283814 369.85189361784785 72.41543208956136 376.93111667983004 Cigarette 0
180.95893410262215 403.7319047848443 181.0400593488048 401.1518419400856 237.85523030643526 402.9372418674867 237.7741586928023 405.5172526090265 Cigarette 0
385.29771143101243 313.0548685812701 387.5917250421262 319.82631171632823 368.11117144933087 326.42462991122164 365.8172040001082 319.6532259999903 Cigarette 0
377.42065866548364 114.0907937814993 376.4408600031311 108.92741900001488 401.7287016461378 104.12888588870068 402.7085100310869 109.29224808935633 Other-plastic 0
290.11281432005126 152.36136756253075 291.4265160267205 153.8209736648391 287.7330556779525 157.1450891146795 286.41935500001637 155.68548400000276 Other-plastic 0
298.4475908053282 221.6672276002572 299 224.0403229999951 294.65993379529027 225.05051231948664 294.1075270000183 222.6774190000138 Other-plastic 0
269.36560413374536 238.29836799979802 265.2905218246815 244.19366962348968 257.0645160000531 238.50806500000823 261.1395950362494 232.61277578760865 Other-plastic 0
266.9892490033999 273.4193544863766 263.4932570739584 274.3156449518717 262.7943355629468 271.58983786123537 266.2903230000047 270.6935479999973 Other-plastic 0
390.69892725771933 303.71773823770883 389.0706520394633 306.43109718927144 385.24731199999223 304.13709699999964 386.87558705172705 301.4237412844428 Other-plastic 0
326.85834675836304 363.03396416646586 327.8167580658155 353.61237901183046 349.21821394355356 355.78889990748223 348.25987226381403 365.2104211248603 Other-plastic 0
126.13609963626732 114.0552591136665 124.68817200000194 116.16128999998588 120.58433062806216 113.33990083880475 122.03225800000291 111.23387100001939 Other-plastic 0
215.0101440020153 243.4553668362443 232.34904749613634 234.07499722369596 245.37495277749986 258.14984838884845 228.03608881828404 267.5301614363216 Unlabeled-litter 0
239.4011392954817 369.550292007036 239.8081292207462 375.5174499861686 220.6718319355423 376.8222296540165 220.26488188006988 370.8551091354252 Cigarette 0
342.4731180000126 333.07258099999666 350.0234206909954 330.3654478903114 356.0322580000029 347.1209679999952 348.48196252036723 349.8280866664179 Cigarette 0
399.3655983427234 323.84677629731056 393.61409637347606 322.0473039091942 396.8291752760706 311.7731140345807 402.58064499998363 313.5725809999968 Cigarette 0
239.6576659890743 127.71950880189945 237.91397800002233 125.91129000000112 240.22405459762376 123.68371684018334 241.9677419999971 125.49193499998962 Other-plastic 0