30.926314004631422 66.31305083886957 31.245132380350697 75.00046884722909 11.06863378423077 75.74089894527947 10.74982679135428 67.05349198361367 Plastic-film 0
79.55987200671007 205.08774783568595 93.22532490012236 232.0104108159571 54.520664853458584 251.6540617078994 40.855486648146325 224.73163400300558 Normal-paper 0
47.319977123734134 191.08264846367643 55.76843109710171 197.9283091398831 45.40028068433094 210.7230537785899 36.951844700597576 203.87741304500648 Other-plastic-wrapper 0
117.4159742431184 239.0611264224908 120.94536333024007 267.36759766544105 82.15999999999622 272.20266699999945 78.63088476553094 243.89644347134345 Plastic-film 0
173.21643599538947 252.26660540345944 157.70634543923734 289.08430130606257 99.9030785004943 264.73605206585347 115.41334169221955 227.91888998606186 Plastic-film 0
179.36579463980524 311.0598185494699 148.84218522035007 295.95741558980484 175.2592472659053 242.5738967827054 205.78211711352196 257.67608204706147 Plastic-film 0
111.99721916700219 338.472044502975 138.60645767594178 308.2346526814434 199.14381778801544 361.49740820411256 172.5353697472383 391.7340491839912 Plastic-film 0
304.85776342686586 47.951083770198515 321.463999999989 61.429332999987466 307.4154491820191 78.73808760031639 290.8092276397874 65.25985504593066 Unlabeled-litter 0
244.08802803957224 195.38131811790606 231.79930052456984 201.90337862119665 227.0153077999239 192.890049000421 239.3039999999928 186.36800000000545 Other-plastic-wrapper 0
261.9760000000242 232.82133299998873 265.17624899415387 230.93046205762573 268.4240000000136 236.42666699999722 265.22375286135866 238.3175354496543 Other-plastic-wrapper 0
288.9438041005669 220.68064896299956 292.2399999999943 217.98399999998944 296.1894741689175 222.81114872920023 292.8932812629464 225.50779440497072 Other-plastic-wrapper 0
317.92800000002535 223.39200000000093 314.04526080097276 221.45079032241924 318.4132743644732 212.71479466876787 322.2960014610617 214.65600073047062 Unlabeled-litter 0
356.408000000014 226.72000000000088 364.81913477295166 221.5039941757975 374.50400000001173 237.11999999999716 366.0928803483912 242.33598620829918 Other-plastic-wrapper 0
225.7332914343824 76.45813861698718 227.11708374217778 75.75452387734315 231.74378961315597 84.8537199678029 230.35999764549706 85.5573341971799 Plastic-straw 0
230.37551285440713 80.39092592355152 234.93223544455032 80.7113164799777 234.3894143676116 88.43144006981692 229.83269179685885 88.11104969747173 Plastic-lid 0
91.08637881513278 215.03395894697383 96.92303121014265 222.08595071420655 86.7258507747465 230.52499015789218 80.88921795924398 223.4730167024992 Unlabeled-litter 0
51.96317418605395 276.02198765713297 33.77354975161143 276.3957024853146 33.201377860135835 248.54400708617644 51.390770406258525 248.170294627227 Plastic-film 0
81.43200000003708 275.9466669999913 96.86133075381804 269.53266065369587 102.16530342574697 282.2900216452153 86.73598506973212 288.7040062065252 Plastic-film 0
303.32534302210115 413.1696225493535 286.0070284749054 429.8282695865827 262.05248753533306 404.93215841802964 279.37058025831357 388.2737142612126 Plastic-film 0
388.58514785163425 275.44051030640253 383.21906046795266 293.3812742123297 359.1850318541765 286.19357980187647 364.5511829571187 268.25292733098235 Plastic-film 0
261.13247074577157 189.1914249980576 265.0999675783751 184.86355859271663 279.5674561230262 198.12550918679042 275.5999742229433 202.45336111838594 Styrofoam-piece 0
293.30765641244943 171.3749634466021 287.59516939374953 177.229995992708 275.81552599548013 165.73768564986736 281.5279999999875 159.88266700000096 Styrofoam-piece 0
296.58815616762877 221.91307541847036 287.59643986242736 223.448667882508 284.7973861919236 207.05987208938237 293.78904761535887 205.5242843946133 Styrofoam-piece 0
147.96075881885554 179.6241836888458 143.33682224667064 181.83638062445414 139.000075611184 172.77219350146356 143.62400000003254 170.559999999992 Unlabeled-litter 0
188.44798985747184 205.22661185551254 190.78909542523252 217.95509587288907 175.5520000000106 220.7573330000042 173.21093631245094 208.02888585569667 Other-plastic-container 0
159.06100465568306 221.67095693511575 175.64940915084298 218.74388191384318 180.7377208868129 247.57783438078462 164.14932108706853 250.50489175605992 Plastic-film 0
139.61756597788553 245.21058193578426 140.10247993691155 231.0298030069587 155.36817972260178 231.55175720944018 154.88331264735825 245.73249093455044 Plastic-film 0
180.23198135754137 236.1492958328399 186.35728973828736 248.3611909420962 170.46848790910008 256.329874308202 164.34323468466027 244.11802634600923 Plastic-film 0
154.44000000001324 246.41066700000408 155.01273449564906 239.02347635831705 165.57546080004613 239.84232335833278 165.00274420182177 247.22949726837282 Plastic-film 0
249.3596472031204 283.0628689825078 243.34629754996422 296.22550620295254 230.20338792772236 290.2219991102568 236.21675024613796 277.0594098292575 Other-plastic-wrapper 0
237.32800139995743 389.51467018799775 231.14273489037078 375.4294588351926 248.55485259972556 367.7851738189459 254.74014591246305 381.8702958248844 Styrofoam-piece 0
153.83060816264333 218.64390069241978 149.3403608032968 224.30729500098158 136.90596777294923 214.44942138942613 141.3962065866035 208.78604412665976 Styrofoam-piece 0
151.32001031707114 216.59733370338182 143.84781828121777 216.08790595767485 144.62459944239527 204.69534351412693 152.0967600546901 205.20477018730753 Unlabeled-litter 0
253.6559999999845 224.91733300000152 255.30250455601708 221.25288953380294 267.36276429766804 226.67130546379758 265.71627108423127 230.3357392943616 Other-plastic-wrapper 0
372.1120914034436 242.5278914677589 370.5441554328718 244.38965466985456 348.808070806208 226.08575227380743 350.37600000001476 224.22400000000778 Plastic-straw 0
97.615320480214 329.622483626732 87.6974537011447 330.36618705410456 86.86328153667273 319.24353085825345 96.78108551468904 318.4998297927535 Unlabeled-litter 0
280.5920000000333 383.55200000000985 277.69848114144406 381.5492963504889 282.69049793092927 374.33863846347333 285.5840047065867 376.34133625757744 Unlabeled-litter 0