118.84422816052029 374.7629272402326 104.78326998536431 402.78948902092054 21.50513904976833 361.0173748311894 35.56623347795539 332.991659842761 Other-plastic-bottle 0
98.04449583294627 391.44045924064335 96.74279068444957 385.0983534548191 112.59503847175438 381.84552881690723 113.89676924725427 388.1875998288193 Plastic-bottle-cap 0
14.627890871946875 372.30036602544703 20.93989273695115 359.63143198909677 51.51026878552875 374.8586875227986 45.19843394971031 387.52747887298415 Unlabeled-litter 0
206.22187972175743 274.0578062249634 225.1442513910697 292.6610060051346 181.5623399860524 336.98309102847537 162.6402773834052 318.38020185164714 Unlabeled-litter 0
171.28070199999638 313.6640000000191 178.16648653873563 300.60990831734057 213.88713968514276 319.44853924670576 207.00152612603415 332.50248437535146 Unlabeled-litter 0
241.97993906194824 173.12144803359786 231.32130883808713 192.42047683720975 188.27620567592385 168.64823903876788 198.9348413557782 149.34935634869444 Squeezable-tube 0
198.49082708252536 160.07920198276508 199.15117394080153 153.4597810205205 223.9410180926643 155.93266086097353 223.280696143378 162.5520587097765 Unlabeled-litter 0
129.7107453188437 138.1115560686796 124.89306838905395 153.12476809806245 95.1221655325462 143.57165533589793 99.93987396596276 128.55850007351125 Clear-plastic-bottle 0
212.91894906131347 95.50360854548623 214.32806013280788 99.13446427641938 200.7424385828126 104.40685108108369 199.3333330000387 100.77600000000287 Unlabeled-litter 0
197.96491199997035 106.0800000000137 199.74597567650926 104.36146510656008 202.25474654266145 106.9614662285193 200.47368344206552 108.68000053833896 Unlabeled-litter 0
364.4561399999984 270.91999999999666 365.13401853406685 269.17986518379297 377.2786221471142 273.9102302283832 376.6007500308988 275.6503596052186 Unlabeled-litter 0
150.75438599998597 304.2000000000104 151.2210574631281 299.55630927023986 164.67717509598515 300.9083678551971 164.21052180039624 305.55204179048445 Unlabeled-litter 0
105.71764697469916 73.6042056956179 101.49834394647405 70.73265463581507 104.59211063264229 66.18688134323966 108.81141161938649 69.05843144148737 Unlabeled-litter 0