135.97734899249554 109.9317483598054 137.03280967625687 120.26988987129575 82.8472179244527 125.80157037890876 81.79182058306833 115.46348635149428 Corrugated-carton 0
150.53426350700101 197.69244146568482 130.35920117480418 196.3628240078902 136.99161231824837 95.73448391678751 157.16613694089756 97.06408328945521 Corrugated-carton 0
227.95735200180934 174.57008640066775 231.07562719563066 181.28032148036374 212.23374046087338 190.03567336866274 209.1154915380066 183.32546062963695 Clear-plastic-bottle 0
210.6659317361955 187.58348683996488 210.17165568919881 185.21110189808496 213.39950249841058 184.53863499175853 213.8937794779922 186.91101865083422 Plastic-bottle-cap 0
196.171193750597 123.41098030622001 196.10382412268518 121.25515430594155 200.01398344313566 121.13296449940303 200.0813539489609 123.28878959263994 Plastic-bottle-cap 0
209.11828011778925 100.85483769139982 208.9849967555274 102.33574587095649 205.34408600000097 102.00806499998201 205.47736979608817 100.5271573032986 Plastic-bottle-cap 0
202.51370762676015 101.15294227197978 211.07133930026976 100.92008640688508 211.60321370954625 120.46647160140961 203.04558205254216 120.69932702022939 Clear-plastic-bottle 0
225.18143436301398 110.14416305725906 225.3593833065679 121.53168225600778 214.31741906111347 121.70421397750404 214.13948314466325 110.31670757573056 Disposable-plastic-cup 0
214.31622186441382 112.73404676565912 212.40582095292848 107.52395003839528 228.58751929945356 101.59067644550717 230.49792396431076 106.80076459576873 Other-plastic-wrapper 0
155.7204404637414 56.29838706092404 144.21083935392744 56.231373539338996 144.35231894669414 31.934032772616053 155.86189916289732 32.001046234970985 Plastic-film 0
274.2580689710194 280.967725823527 273.90234743629844 282.4167783448525 266.21416857421355 280.5296946877258 266.56989199997406 279.0806449999899 Cigarette 0