-20.89449456059083 208.57843118285808 71.69974768911197 138.72573534166665 253.99368600850357 380.34158171238994 161.40435092874395 450.18887303962066 Other-carton 0
37.46954881630154 278.3526989906702 113.37864079201245 296.03062980271187 84.5403512765406 419.8356718275614 8.631491050484328 402.158453571683 Drink-carton 0
102.80008935521982 127.32750260272358 262.6135812217726 69.8006604192886 378.61557774797984 392.0357581654019 218.8038249849924 449.5582614655692 Other-carton 0
141.87085362433209 229.04761638260754 99.340252098973 223.81870398855122 111.70117587634013 123.28977605676546 154.23061933634744 128.51862290358838 Drink-can 0
104.67752972171002 167.59788588752147 35.21598837042984 137.92370342586935 68.98255145975418 58.88623518296329 138.44299451951156 88.56014350660223 Food-Can 0
196.17150144115658 101.54008369471696 128.6168788305913 101.77143383275458 128.26877668481757 0.01465835517456026 195.8226741294493 -0.21669041474906797 Food-Can 0
165.4511740900307 116.27164411045777 136.33160326485813 131.78266825685006 86.94169745174804 39.06154152708676 116.06097149574634 23.55060897045592 Toilet-tube 0
165.70132302742422 26.608988170596902 146.05501735850703 25.381094274091307 147.6968449053711 -0.8880244313295163 167.3431369999962 0.339868999998823 Pop-tab 0
183.62427608725557 22.516931212883584 243.98149842478597 -13.174625536588183 387.80755353327186 230.0422009379031 327.45123365667314 265.73265089317977 Other-plastic-bottle 0
361.4508706076049 224.65348236405157 370.6598236220816 234.1354698934131 347.2273860791938 256.8907644093427 338.01849995227894 247.40884303019294 Plastic-bottle-cap 0
330.9203075544283 271.21754682725486 406.3621370668807 264.9398669497788 418.76428867407594 413.95627196879747 343.3225066773921 420.2336768129142 Plastic-film 0
384.90301719540366 290.4183690965945 313.644962687682 285.82410934997273 321.12890598486047 169.77872336499507 392.3838873977729 174.372889632604 Aluminium-foil 0
415.8107028937702 -0.0509828916667678 416.36405101827404 169.88113321550276 304.6657373074886 170.24372478097584 304.11371871802476 0.3126924437960634 Aluminium-foil 0